"2014 1 Alba 58578 44602 51363 51819 61625 54695 30433 36492 31526 41208 39393 38842",
"2014 1 Arad 24016 19685 20550 58357 46587 24741 35594 25156 50601 36265 53768 14970",
"2014 1 Arges 89983 119362 158791 127578 148131 132315 77310 57179 132388 120797 174365 91336",
"2014 1 Bacau 4321 -2285 -3183 -9314 -11018 -4698 -9918 -3860 -8597 -1709 1980 1279",
"2014 1 Bihor 3963 -2106 -8194 -15649 -27650 -4866 -10661 7662 15981 -2686 6865 5675",
"2014 1 BistritaNasaud 18879 10003 8626 11345 16672 8726 13888 13376 3433 12379 11155 4939",
"2014 1 Botosani +7867 +8735 +5013 +1013 +3890 +2786 +5407 +4336 +3636 +5508 -1234 -981",
"2014 1 Brasov 22786 23935 17155 6544 16525 14948 23209 -3317 -4980 11095 283 -19145",
"2014 1 Braila 23450 354 -351 38666 -8704 -4517 27959 5526 20093 4393 2240 +8661",
"2014 1 Buzau 23232 21985 -17376 12279 1214 -2829 17857 19623 23394 37386 18370 7403",
"2014 1 CarasSeverin 7522 7135 5847 6580 5315 5292 7095 740 7113 6832 7355 5809",
"2014 1 Calarasi +8437 +821 +2777 +12242 +3689 -2428 +28850 +40324 +5190 +13272 +5623 +2701",
"2014 1 Cluj -61994 -62041 -81235 -74213 -85672 -78311 -86270 -55754 -75387 -79565 -76918 -81918",
"2014 1 Constanta -54642 -134414 80388 -122163 -62317 -22855 -85913 -113093 -79387 -72757 -55042 -92583",
"2014 1 Covasna 3188 9370 1970 993 8934 9936 4877 13418 -2464 1118 -1666 1213",
"2014 1 Dambovita 5520 6998 13126 7268 6266 10880 7986 10567 10717 12228 11305 11372",
"2014 1 Dolj 17761 33118 22965 10909 8427 15504 21293 18965 23423 -8237 7827 17488",
"2014 1 Galati -15261 -11461 -37039 -7220 -9662 -3799 3856 -35557 1412 -13565 -14642 65703",
"2014 1 Giurgiu -5441 -8051 -6140 -5763 -7504 -6003 -5101 -3337 -693 -5977 -4974 -4774",
"2014 1 Gorj 646 -3827 281 -1709 -667 1051 928 3895 2628 -1216 372 752",
"2014 1 Harghita 641 1215 -4399 -1238 -3814 -3173 -3073 -3075 -3637 -8565 -1451 -1807",
"2014 1 Hunedoara +8413 +11699 +11086 +12888 +13703 +15681 +12745 +2396 +18521 +22270 +14062 +512",
"2014 1 Ialomita 12880 7539 7183 -2156 -1630 1417 647 3471 11422 7275 8192 6973",
"2014 1 Iasi 14162 12577 6033 8943 13521 9040 -695 6773 12131 8238 9668 9193",
"2014 1 Ilfov -120066 -143622 -234886 -162107 -166071 -170955 -218088 -151241 -192918 -191727 -171218 -180789",
"2014 1 Maramures +32495 +25742 +28561 +22453 +28645 +23573 +24913 +29391 +28950 +27329 +25728 +20111",
"2014 1 Mehedinti 2791 1591 -497 1881 3255 -465 1100 4578 -1727 1352 1340 5971",
"2014 1 Mures -4394 -8089 -6838 -16459 -10833 -9133 -4491 -4702 -14212 6069 -12118 -30276",
"2014 1 Neamt 10879 8260 6821 4104 6531 9047 2486 10867 11310 11502 7577 7272",
"2014 1 Olt 48047 56376 54854 47655 61897 55966 49646 40957 61617 50848 61375 48484",
"2014 1 Prahova -63525 -41171 -90853 -117552 -102481 -39394 -119826 -97209 -132541 -111183 -86385 -90647",
"2014 1 SatuMare +5694 +1181 +332 -2366 +2126 -2488 -2682 -5975 -6195 -790 -3519 -1562",
"2014 1 Salaj 14702 16822 15789 36267 15265 26258 22578 18467 6826 22382 35905 7603",
"2014 1 Sibiu 30200 32590 27435 25675 30311 37275 34563 29971 33194 36123 23835 9677",
"2014 1 Suceava -7332 3318 52 -3307 -813 -4352 -4433 -11020 -1752 3459 2860 -3182",
"2014 1 Teleorman 1814 2102 223 3522 5340 15819 9328 -1914 9966 16101 15241 15103",
"2014 1 Timis 76620 75070 69020 50351 56061 50858 71436 35735 86488 65429 53204 -5179",
"2014 1 Tulcea -4834 53632 -21291 -14350 -14991 -15413 -8685 31185 54558 -11209 -11960 35440",
"2014 1 Vaslui 4143 4567 2707 1757 604 1653 3490 4776 2785 900 2651 1251",
"2014 1 Valcea 8148 6840 4648 7058 9223 8103 6377 6354 3902 8942 8807 9875",
"2014 1 Vrancea 3776 3584 -6456 -5159 -2455 -795 823 10171 4744 7865 6590 1804",
"2014 1 Bucuresti -536247 -564086 -702603 -688690 -642080 -754461 -557689 -504703 -697345 -728428 -692669 -762328",