"2014 1 Alba 40043 49352 60733 70854 63942 65963 78723 75870 77549 48212 47661 45107",
"2014 1 Arad 191728 209636 223260 206742 221573 207654 209164 154818 208936 230502 213119 177039",
"2014 1 Arges 275908 296466 311076 300111 325696 323895 337878 193416 357776 365805 323459 272226",
"2014 1 Bacau 26260 35315 39441 42811 48187 44183 52447 35151 45767 42854 39482 29312",
"2014 1 Bihor 155279 151426 166652 173046 175699 164249 162119 135381 167326 190601 179009 135398",
"2014 1 BistritaNasaud 34340 42665 42138 40997 43246 44895 45199 28312 54041 48727 47728 38951",
"2014 1 Botosani 15386 15084 19100 20159 22804 22094 20794 12019 18051 18923 23098 19131",
"2014 1 Brasov 170597 177130 197487 197771 194255 195620 202869 171065 208159 229691 217409 195364",
"2014 1 Braila 10986 14323 17848 20151 23379 17083 15978 11211 15155 18015 15449 16678",
"2014 1 Buzau 21342 36683 69248 32343 44472 42833 42964 36090 40860 41460 43900 29129",
"2014 1 CarasSeverin 12902 13433 13815 13813 13198 14120 14402 13160 17276 18652 16607 12676",
"2014 1 Calarasi 12960 22222 21430 16694 22707 28330 24104 21115 27936 22067 21875 15915",
"2014 1 Cluj 137070 143222 163110 152732 168617 164240 178747 138401 179370 184009 172960 155099",
"2014 1 Constanta 264698 337578 190655 307477 283168 211491 386753 325264 342528 308698 236836 237810",
"2014 1 Covasna 22938 22440 25306 26479 28282 27216 25420 18805 29576 27279 26166 21076",
"2014 1 Dambovita 30712 35127 36451 43290 47624 44687 48994 39695 45238 41979 36813 26673",
"2014 1 Dolj 84287 87048 95579 78237 86442 86737 91662 51639 78231 81666 66199 62881",
"2014 1 Galati 67781 59598 85603 75326 64755 65116 72186 84322 74872 78819 87217 66092",
"2014 1 Giurgiu 9987 14550 12704 12188 13175 12894 13199 9620 12254 12606 10010 7508",
"2014 1 Gorj 2417 7509 3975 4861 5258 3674 3633 2857 3501 6103 3602 4616",
"2014 1 Harghita 20864 25702 28388 29652 31396 29773 32267 26074 33094 37859 28059 23854",
"2014 1 Hunedoara 48892 48776 53012 45346 45668 42198 47053 32590 46817 48368 47998 46146",
"2014 1 Ialomita 8232 11106 12851 18849 15536 15378 18941 11639 13944 12181 10048 7619",
"2014 1 Iasi 38840 45135 53756 51638 55984 56831 56095 45644 58505 55714 55075 43183",
"2014 1 Ilfov 277822 325708 415761 329672 326582 349442 404063 313113 385284 389247 373346 350331",
"2014 1 Maramures 51960 58445 60230 58495 60240 59701 63764 48801 67539 71409 66193 52631",
"2014 1 Mehedinti 6100 6808 8205 6072 7157 8603 7718 3803 9620 7544 6375 4868",
"2014 1 Mures 74682 81847 79321 80117 78162 79579 83127 71486 92295 89008 89482 95169",
"2014 1 Neamt 16462 25081 27475 23780 26460 29092 31686 19243 28015 26781 24098 24437",
"2014 1 Olt 43565 47633 52648 47313 48962 47929 55094 51887 49070 62789 55542 38984",
"2014 1 Prahova 224002 231183 254716 257218 263245 225198 282007 265131 297001 261010 247410 247664",
"2014 1 SatuMare 57213 66483 68519 66918 67538 67006 69647 62899 77294 76828 72828 60678",
"2014 1 Salaj 23646 20833 18472 21850 19818 24234 24352 22503 30007 27934 22869 22368",
"2014 1 Sibiu 137953 143387 157818 149233 158537 155611 155676 125293 161949 179068 162919 137582",
"2014 1 Suceava 37453 32738 36538 32907 37539 38821 40973 37075 40610 37114 31266 30969",
"2014 1 Teleorman 7859 10832 10877 12111 14300 17527 11706 10179 13140 11394 11505 9800",
"2014 1 Timis 313689 334402 356227 341959 359641 358988 369281 298664 366848 386957 354973 304349",
"2014 1 Tulcea 13147 17809 31778 22721 24539 24405 22005 24443 22764 21883 23123 19733",
"2014 1 Vaslui 6918 7363 9678 9449 13867 12702 12564 7963 11129 14326 10589 9592",
"2014 1 Valcea 13411 17881 19607 18832 17837 19591 19927 17348 22425 23490 20412 16957",
"2014 1 Vrancea 13079 13496 20260 20156 21626 21928 25239 15258 16370 20157 15635 14718",
"2014 1 Bucuresti 1155116 1295476 1429190 1308715 1273343 1307608 1413014 1222980 1525784 1586809 1517911 1400884",