"2014 1 Alba 98621 93954 112096 122673 125567 120658 109156 112362 109075 89420 87054 83949",
"2014 1 Arad 215744 229321 243810 265099 268160 232395 244758 179974 259537 266767 266887 192009",
"2014 1 Arges 365891 415828 469867 427689 473827 456210 415188 250595 490164 486602 497824 363562",
"2014 1 Bacau 30581 33030 36258 33497 37169 39485 42529 31291 37170 41145 41462 30591",
"2014 1 Bihor 159242 149320 158458 157397 148049 159383 151458 143043 183307 187915 185874 141073",
"2014 1 BistritaNasaud 53219 52668 50764 52342 59918 53621 59087 41688 57474 61106 58883 43890",
"2014 1 Botosani 23253 23819 24113 21172 26694 24880 26201 16355 21687 24431 21864 18150",
"2014 1 Brasov 193383 201065 214642 204315 210780 210568 226078 167748 203179 240786 217692 176219",
"2014 1 Braila 34436 14677 17497 58817 14675 12566 43937 16737 35248 22408 17689 25339",
"2014 1 Buzau 44574 58668 51872 44622 45686 40004 60821 55713 64254 78846 62270 36532",
"2014 1 CarasSeverin 20424 20568 19662 20393 18513 19412 21497 13900 24389 25484 23962 18485",
"2014 1 Calarasi 21397 23043 24207 28936 26396 25902 52954 61439 33126 35339 27498 18616",
"2014 1 Cluj 75076 81181 81875 78519 82945 85929 92477 82647 103983 104444 96042 73181",
"2014 1 Constanta 210056 203164 271043 185314 220851 188636 300840 212171 263141 235941 181794 145227",
"2014 1 Covasna 26126 31810 27276 27472 37216 37152 30297 32223 27112 28397 24500 22289",
"2014 1 Dambovita 36232 42125 49577 50558 53890 55567 56980 50262 55955 54207 48118 38045",
"2014 1 Dolj 102048 120166 118544 89146 94869 102241 112955 70604 101654 73429 74026 80369",
"2014 1 Galati 52520 48137 48564 68106 55093 61317 76042 48765 76284 65254 72575 131795",
"2014 1 Giurgiu 4546 6499 6564 6425 5671 6891 8098 6283 11561 6629 5036 2734",
"2014 1 Gorj 3063 3682 4256 3152 4591 4725 4561 6752 6129 4887 3974 5368",
"2014 1 Harghita 21505 26917 23989 28414 27582 26600 29194 22999 29457 29294 26608 22047",
"2014 1 Hunedoara 57305 60475 64098 58234 59371 57879 59798 34986 65338 70638 62060 46658",
"2014 1 Ialomita 21112 18645 20034 16693 13906 16795 19588 15110 25366 19456 18240 14592",
"2014 1 Iasi 53002 57712 59789 60581 69505 65871 55400 52417 70636 63952 64743 52376",
"2014 1 Ilfov 157756 182086 180875 167565 160511 178487 185975 161872 192366 197520 202128 169542",
"2014 1 Maramures 84455 84187 88791 80948 88885 83274 88677 78192 94489 98738 91921 72742",
"2014 1 Mehedinti 8891 8399 7708 7953 10412 8138 8818 8381 7893 8896 7715 10839",
"2014 1 Mures 70288 73758 72483 63658 67329 70446 78636 66784 78083 82939 77364 64893",
"2014 1 Neamt 27341 33341 34296 27884 32991 38139 34172 30110 39325 38283 31675 31709",
"2014 1 Olt 91612 104009 107502 94968 110859 103895 104740 92844 110687 113637 116917 87468",
"2014 1 Prahova 160477 190012 163863 139666 160764 185804 162181 167922 164460 149827 161025 157017",
"2014 1 SatuMare 62907 67664 68851 64552 69664 64518 66965 56924 71099 76038 69309 59116",
"2014 1 Salaj 38348 37655 34261 58117 35083 50492 46930 40970 36833 50316 58774 29971",
"2014 1 Sibiu 168153 175977 185253 174908 188848 192886 190239 155264 195143 215191 186754 147259",
"2014 1 Suceava 30121 36056 36590 29600 36726 34469 36540 26055 38858 40573 34126 27787",
"2014 1 Teleorman 9673 12934 11100 15633 19640 33346 21034 8265 23106 27495 26746 24903",
"2014 1 Timis 390309 409472 425247 392310 415702 409846 440717 334399 453336 452386 408177 299170",
"2014 1 Tulcea 8313 71441 10487 8371 9548 8992 13320 55628 77322 10674 11163 55173",
"2014 1 Vaslui 11061 11930 12385 11206 14471 14355 16054 12739 13914 15226 13240 10843",
"2014 1 Valcea 21559 24721 24255 25890 27060 27694 26304 23702 26327 32432 29219 26832",
"2014 1 Vrancea 16855 17080 13804 14997 19171 21133 26062 25429 21114 28022 22225 16522",
"2014 1 Bucuresti 618869 731390 726587 620025 631263 553147 855325 718277 828439 858381 825242 638556",