"2014 1 Alba 19094 18518 16585 13187 10460 9871 10005 10067 10168 10380 10696 12508",
"2014 1 Arad 7200 7358 6841 6516 6354 6318 6620 6699 6656 6668 6004 6071",
"2014 1 Arges 19081 18860 17769 15727 14720 14508 14767 14381 14647 14693 15100 15334",
"2014 1 Bacau 16295 16763 15443 14290 13875 14049 14941 15089 14981 14309 14327 14809",
"2014 1 Bihor 11675 11720 11291 10667 9084 9131 9207 10303 10306 10159 9537 10030",
"2014 1 BistritaNasaud 7432 7206 6475 5878 5487 5272 5655 5868 5936 5713 5801 6042",
"2014 1 Botosani 8690 8448 8003 6983 6959 7101 7688 7653 7635 7446 7529 7614",
"2014 1 Brasov 12378 12818 12190 11683 11452 11046 11169 10955 10926 10818 11081 10850",
"2014 1 Braila 10002 10117 9758 9172 8742 8915 8810 8759 8747 8765 9259 9519",
"2014 1 Buzau 15715 16141 16348 16224 16124 16173 17441 18429 18410 18050 18281 18348",
"2014 1 CarasSeverin 6738 6646 6378 5383 4764 4668 4795 4948 5042 5052 5207 5277",
"2014 1 Calarasi 8804 8813 8428 7594 7248 7249 7804 7750 7794 7859 8237 8599",
"2014 1 Cluj 12884 12482 11495 10542 10013 9744 9780 9906 9901 9837 9695 9938",
"2014 1 Constanta 13852 14076 13215 11103 10145 9639 9696 9562 9897 11218 11818 11978",
"2014 1 Covasna 6967 6951 6275 5825 5455 5536 6002 5886 5863 5408 5537 5746",
"2014 1 Dambovita 16614 17081 16328 14785 14134 14506 15300 15487 15704 16027 16381 16228",
"2014 1 Dolj 28761 29409 28501 26811 25993 25380 25403 25147 25345 25891 26316 26755",
"2014 1 Galati 18891 19126 18465 17499 17213 18177 18714 19254 17900 18429 18720 19253",
"2014 1 Giurgiu 6518 6432 6378 6162 6010 6262 7075 6847 6823 6566 6547 6510",
"2014 1 Gorj 12529 12107 11413 10446 9885 10102 11381 10987 10802 10629 10348 10581",
"2014 1 Harghita 10524 8826 8298 6986 6502 7060 7865 8104 7819 7588 7975 8256",
"2014 1 Hunedoara 14550 13893 12515 11098 10035 9633 10344 10541 10541 11373 11799 12467",
"2014 1 Ialomita 9130 9015 8805 7610 7284 7095 7299 7477 7242 7340 7798 8481",
"2014 1 Iasi 16267 16111 15758 15589 15408 15169 14968 14992 14915 14790 14655 14612",
"2014 1 Ilfov 3136 3111 2970 2772 2615 2548 2659 2680 2666 2628 2594 2634",
"2014 1 Maramures 8191 8068 8118 7456 7666 7692 8296 8114 7800 7471 7153 7140",
"2014 1 Mehedinti 12713 13219 12407 11761 11540 11407 11656 11529 11562 11800 11540 11464",
"2014 1 Mures 13329 14833 14841 13720 13211 13309 13264 13428 13595 14269 14579 14039",
"2014 1 Neamt 12975 12994 12332 11565 11277 11136 11648 11726 11889 11842 12037 12114",
"2014 1 Olt 15701 15138 14405 13518 13047 13009 13950 13967 14040 14120 14550 14435",
"2014 1 Prahova 18005 18315 17203 15440 14796 14678 14824 15033 15471 15517 15575 15791",
"2014 1 SatuMare 7438 7546 7047 6597 6366 6160 6422 6238 6366 6460 6528 6816",
"2014 1 Salaj 7082 6851 6314 5814 5503 5273 5685 5667 5525 5706 5822 6235",
"2014 1 Sibiu 9780 9627 9149 8367 8042 7888 8102 8528 8295 8192 8778 8852",
"2014 1 Suceava 17298 17204 16154 15123 14441 14534 15743 15478 15684 15995 15946 16440",
"2014 1 Teleorman 19270 18678 17784 17302 17032 16812 18057 17965 17543 18037 18383 18888",
"2014 1 Timis 6638 6450 5997 5418 5225 5137 5084 5402 5454 5480 5482 5433",
"2014 1 Tulcea 5197 5208 4998 4563 4373 4143 4419 4497 4502 4440 4540 4775",
"2014 1 Vaslui 17892 18133 18320 17417 16900 16568 17207 17076 16474 16916 17056 17369",
"2014 1 Valcea 12380 12514 11917 10048 9006 8420 9750 10022 9733 9035 9157 9604",
"2014 1 Vrancea 9158 8951 8370 7766 7851 7935 8829 8872 9007 8716 8653 8841",
"2014 1 Bucuresti 22358 22284 22421 22407 22456 22348 22666 22552 22216 21997 21828 21662",