"2014 1 Alba 10252 11170 13448 14567 21068 20702 27465 32940 20943 17302 14510 12761",
"2014 1 Arad 17462 19516 23193 23606 29993 33345 39393 45216 38940 34800 30121 22964",
"2014 1 Arges 13157 14240 18426 22675 23425 28613 34253 34379 24788 21842 19739 21550",
"2014 1 Bacau 9693 12072 15944 20275 23749 27061 37221 36167 29422 24053 19422 17187",
"2014 1 Bihor 31043 35132 43929 49614 91971 108933 141794 164610 123703 104051 94330 66401",
"2014 1 BistritaNasaud 4172 6102 6471 7108 13339 16174 22565 22309 15818 12874 7922 7784",
"2014 1 Botosani 3383 3212 4103 7431 10393 9856 10852 7136 6206 6074 5224 4065",
"2014 1 Brasov 142702 151855 99280 113866 130994 136929 167137 224976 156170 140114 137242 173499",
"2014 1 Braila 5202 7601 12406 12914 16630 18176 28001 20408 21206 21765 20343 11292",
"2014 1 Buzau 8266 7652 9438 9924 13378 15403 21530 21957 21073 19521 15995 8929",
"2014 1 CarasSeverin 13965 12828 12442 18731 59477 60666 80591 89487 54132 49266 39202 22036",
"2014 1 Calarasi 1544 1934 2208 1613 2609 4840 2565 3761 3094 3038 2316 2866",
"2014 1 Cluj 35726 38310 44266 46462 60708 63978 65769 62207 60169 66193 59612 40332",
"2014 1 Constanta 28400 39466 45385 57743 135942 399077 1082421 1367800 283741 80475 57997 38533",
"2014 1 Covasna 6796 11301 20100 19196 32711 52526 71395 72752 62872 63857 51025 17394",
"2014 1 Dambovita 12004 13750 15635 15956 22273 23837 24914 30901 25878 23983 22826 14634",
"2014 1 Dolj 10910 11060 12837 12619 13444 14520 13851 14417 14869 14830 14875 13211",
"2014 1 Galati 6196 8076 9566 9588 12404 11850 9683 10042 10459 11093 10332 7430",
"2014 1 Giurgiu 1964 2741 3423 4164 3670 4453 4781 4322 3091 2888 3708 2701",
"2014 1 Gorj 9341 11297 11624 9037 13757 14853 19699 21391 19664 16673 10449 10714",
"2014 1 Harghita 12699 12582 11695 17858 29244 37515 49475 55516 29275 28047 21559 20371",
"2014 1 Hunedoara 8806 13551 17311 18322 26677 28352 35198 31075 29751 24250 24438 14252",
"2014 1 Ialomita 5358 2700 6874 9276 16691 27313 35048 33770 24178 19103 4546 4051",
"2014 1 Iasi 19377 25514 33000 29185 35973 34765 37652 32645 39701 43392 36244 23827",
"2014 1 Ilfov 11689 11733 12858 12987 15175 14561 15278 14509 16087 15401 12138 11304",
"2014 1 Maramures 12653 13157 12475 16013 16958 18012 16748 23988 20103 16813 13910 21424",
"2014 1 Mehedinti 3080 4108 6537 8319 10112 10588 15376 18723 12276 9580 8545 4915",
"2014 1 Mures 46807 46567 45696 54545 69260 76534 104911 131256 85854 74255 61422 48121",
"2014 1 Neamt 13928 13857 13458 22467 27990 34696 43451 61959 39358 26150 16973 17559",
"2014 1 Olt 4203 5521 6309 5505 6466 5862 6636 5615 6195 6615 5660 4174",
"2014 1 Prahova 53363 62469 44757 57146 73437 75955 91377 114615 90867 86234 68836 76625",
"2014 1 SatuMare 8611 9885 10525 12384 13584 14098 15662 17227 14959 14787 13339 12134",
"2014 1 Salaj 3424 5386 6262 5378 7236 6412 7608 10122 8125 7314 6837 4381",
"2014 1 Sibiu 35336 37527 38728 43281 56197 59236 60149 73408 51934 42723 41122 39346",
"2014 1 Suceava 27860 31453 22952 33610 48236 54619 75345 87858 65146 47454 37769 48672",
"2014 1 Teleorman 1624 1766 1857 2124 2729 2689 3306 1564 1709 1899 1935 1134",
"2014 1 Timis 35046 39769 47667 53031 64141 65389 68138 60770 72726 72925 61393 42020",
"2014 1 Tulcea 3023 3521 4237 5020 12372 20541 25154 28134 12755 5023 4641 2329",
"2014 1 Vaslui 2837 4072 3999 3556 5258 3515 4962 5470 5318 4888 3563 2798",
"2014 1 Valcea 21076 25642 33437 62879 102605 114247 157170 168540 119312 86184 85734 47350",
"2014 1 Vrancea 3073 2755 2932 4908 5303 6842 8087 7613 5779 5242 6085 4745",
"2014 1 Bucuresti 133954 154797 202121 188008 241276 240235 202581 215599 257575 256645 226101 178290",