"2014 1 Alba 1880 1982 1959 1916 1919 1929 1980 1921 1948 1989 1981 2155",
"2014 1 Arad 2016 2016 2081 2085 2058 2133 2165 2066 2118 2128 2202 2275",
"2014 1 Arges 2178 2199 2225 2440 2442 2289 2506 2286 2310 2318 2347 2624",
"2014 1 Bacau 1765 1765 1851 1838 1872 1860 1889 1867 1868 1889 1947 2089",
"2014 1 Bihor 1653 1652 1709 1723 1698 1719 1745 1727 1742 1762 1799 1843",
"2014 1 BistritaNasaud 1695 1665 1719 1719 1697 1720 1794 1813 1804 1816 1864 1869",
"2014 1 Botosani 1663 1664 1710 1706 1651 1667 1695 1633 1670 1688 1705 1806",
"2014 1 Brasov 2101 2095 2208 2175 2167 2224 2195 2167 2196 2224 2358 2431",
"2014 1 Braila 1671 1655 1695 1752 1688 1670 1732 1708 1720 1744 1737 1847",
"2014 1 Buzau 1761 1761 1836 1842 1826 1837 1856 1868 1846 1863 1872 2073",
"2014 1 CarasSeverin 1640 1665 1680 1719 1702 1713 1721 1723 1712 1735 1779 1759",
"2014 1 Calarasi 1664 1654 1766 1732 1746 1777 1820 1820 1799 1816 1823 1901",
"2014 1 Cluj 2351 2309 2398 2491 2446 2448 2553 2486 2485 2500 2581 2655",
"2014 1 Constanta 2072 2051 2143 2186 2157 2130 2127 2120 2166 2184 2246 2422",
"2014 1 Covasna 1661 1631 1650 1728 1635 1673 1683 1709 1687 1713 1712 1825",
"2014 1 Dambovita 1795 1790 1816 1824 1821 1838 1871 1830 1856 1869 1872 1967",
"2014 1 Dolj 2020 2056 2035 2103 2010 2002 2171 2036 2068 2092 2149 2341",
"2014 1 Galati 2116 2082 2133 2213 2112 2108 2165 2169 2163 2168 2166 2370",
"2014 1 Giurgiu 1649 1618 1655 1683 1719 1682 1691 1688 1688 1692 1720 1840",
"2014 1 Gorj 2083 2154 2169 2440 2259 2415 2563 2649 2377 2242 2319 2473",
"2014 1 Harghita 1469 1468 1490 1502 1488 1478 1544 1524 1550 1565 1559 1610",
"2014 1 Hunedoara 1878 1823 1889 1950 1896 1850 1916 1891 1894 1960 1957 2106",
"2014 1 Ialomita 1709 1710 1773 1829 1783 1805 1776 1797 1782 1807 1797 1931",
"2014 1 Iasi 2069 2067 2118 2105 2120 2122 2146 2121 2145 2162 2209 2290",
"2014 1 Ilfov 2568 2576 2708 2805 2661 2757 2765 2709 2740 2724 2920 3096",
"2014 1 Maramures 1615 1604 1654 1637 1643 1641 1674 1672 1682 1702 1750 1768",
"2014 1 Mehedinti 1934 1903 1888 1942 1973 1891 1916 1921 1901 1951 2006 2142",
"2014 1 Mures 1907 1908 2082 1998 1933 2016 2073 2068 2042 2052 2061 2264",
"2014 1 Neamt 1656 1644 1675 1707 1684 1700 1710 1674 1707 1728 1708 1810",
"2014 1 Olt 1850 1868 2029 1972 1924 1966 1982 2027 1965 1961 1990 2143",
"2014 1 Prahova 2086 2087 2222 2223 2204 2211 2244 2202 2221 2232 2276 2372",
"2014 1 SatuMare 1754 1734 1887 1836 1827 1767 1840 1816 1840 1873 1859 1914",
"2014 1 Salaj 1746 1734 1779 1788 1772 1790 1890 1842 1953 2024 1859 1924",
"2014 1 Sibiu 2405 2293 2373 2443 2595 2383 2465 2403 2429 2432 2479 2912",
"2014 1 Suceava 1633 1612 1684 1650 1697 1654 1666 1652 1657 1701 1706 1798",
"2014 1 Teleorman 1629 1617 1627 1671 1640 1635 1666 1653 1649 1675 1675 1694",
"2014 1 Timis 2270 2322 2457 2509 2414 2490 2453 2366 2415 2438 2724 2738",
"2014 1 Tulcea 1887 1866 1893 2117 1917 1912 1974 1962 1915 1984 1950 2083",
"2014 1 Vaslui 1656 1630 1645 1642 1657 1651 1711 1638 1658 1700 1691 1747",
"2014 1 Valcea 1817 1816 1832 1874 1834 1854 1882 1889 1872 1856 1887 1986",
"2014 1 Vrancea 1626 1609 1629 1661 1655 1684 1717 1693 1690 1724 1711 1816",
"2014 1 Bucuresti 3153 3158 3396 3446 3258 3275 3312 3240 3288 3271 3314 3631",