"2014 1 Alba 1363 1436 1417 1391 1387 1395 1430 1387 1409 1437 1430 1555",
"2014 1 Arad 1459 1459 1503 1509 1487 1543 1562 1492 1532 1540 1593 1645",
"2014 1 Arges 1572 1589 1609 1770 1759 1652 1807 1651 1668 1675 1697 1900",
"2014 1 Bacau 1281 1284 1345 1335 1357 1349 1370 1351 1351 1367 1407 1511",
"2014 1 Bihor 1193 1191 1234 1245 1225 1243 1265 1244 1262 1271 1296 1327",
"2014 1 BistritaNasaud 1230 1213 1249 1249 1237 1249 1302 1313 1310 1317 1349 1353",
"2014 1 Botosani 1205 1209 1239 1237 1197 1208 1229 1191 1211 1225 1235 1307",
"2014 1 Brasov 1520 1510 1593 1571 1563 1602 1586 1564 1587 1608 1698 1756",
"2014 1 Braila 1214 1206 1233 1271 1228 1214 1260 1240 1250 1268 1263 1342",
"2014 1 Buzau 1277 1278 1333 1338 1324 1332 1352 1357 1339 1355 1357 1502",
"2014 1 CarasSeverin 1193 1214 1227 1253 1236 1248 1259 1252 1251 1262 1293 1277",
"2014 1 Calarasi 1208 1199 1280 1261 1267 1289 1320 1317 1303 1317 1320 1379",
"2014 1 Cluj 1702 1680 1739 1806 1771 1784 1855 1808 1809 1819 1869 1922",
"2014 1 Constanta 1493 1478 1548 1588 1556 1539 1535 1527 1560 1572 1615 1745",
"2014 1 Covasna 1211 1191 1204 1258 1195 1218 1220 1237 1224 1240 1240 1316",
"2014 1 Dambovita 1305 1300 1316 1327 1320 1333 1357 1325 1345 1355 1359 1430",
"2014 1 Dolj 1449 1479 1463 1512 1446 1439 1563 1463 1487 1505 1549 1684",
"2014 1 Galati 1528 1506 1543 1595 1526 1523 1563 1566 1560 1563 1562 1709",
"2014 1 Giurgiu 1197 1176 1202 1223 1247 1218 1226 1223 1219 1221 1259 1336",
"2014 1 Gorj 1503 1549 1564 1784 1626 1736 1846 1890 1724 1619 1667 1767",
"2014 1 Harghita 1067 1069 1084 1091 1081 1075 1119 1107 1120 1132 1127 1164",
"2014 1 Hunedoara 1359 1319 1372 1414 1373 1339 1386 1371 1376 1419 1418 1521",
"2014 1 Ialomita 1239 1236 1286 1324 1289 1309 1288 1305 1295 1309 1303 1396",
"2014 1 Iasi 1492 1494 1530 1520 1535 1532 1549 1530 1549 1562 1595 1657",
"2014 1 Ilfov 1840 1846 1942 2019 1906 1980 1985 1946 1970 1955 2107 2227",
"2014 1 Maramures 1172 1165 1201 1191 1191 1192 1218 1216 1225 1238 1271 1285",
"2014 1 Mehedinti 1401 1383 1366 1408 1440 1371 1384 1388 1376 1411 1454 1560",
"2014 1 Mures 1379 1380 1509 1448 1397 1458 1500 1492 1476 1484 1488 1634",
"2014 1 Neamt 1197 1186 1209 1232 1218 1230 1237 1208 1232 1250 1235 1311",
"2014 1 Olt 1337 1354 1467 1428 1392 1419 1429 1466 1419 1419 1444 1547",
"2014 1 Prahova 1504 1517 1604 1603 1590 1600 1620 1586 1600 1609 1646 1722",
"2014 1 SatuMare 1274 1259 1369 1334 1328 1286 1338 1316 1336 1357 1350 1387",
"2014 1 Salaj 1273 1265 1294 1299 1286 1302 1368 1333 1418 1486 1352 1397",
"2014 1 Sibiu 1734 1656 1712 1761 1869 1714 1775 1729 1747 1750 1785 2101",
"2014 1 Suceava 1191 1172 1228 1204 1238 1207 1216 1200 1207 1242 1241 1312",
"2014 1 Teleorman 1173 1170 1177 1203 1180 1173 1200 1189 1190 1207 1227 1243",
"2014 1 Timis 1654 1683 1786 1831 1750 1810 1782 1722 1756 1773 1988 1985",
"2014 1 Tulcea 1355 1350 1369 1525 1377 1389 1416 1408 1382 1424 1398 1503",
"2014 1 Vaslui 1206 1184 1199 1201 1201 1204 1243 1189 1205 1237 1231 1274",
"2014 1 Valcea 1319 1320 1324 1352 1327 1341 1365 1369 1360 1341 1366 1438",
"2014 1 Vrancea 1184 1175 1188 1209 1207 1227 1249 1232 1230 1254 1241 1326",
"2014 1 Bucuresti 2272 2283 2460 2495 2352 2364 2392 2334 2371 2361 2389 2623",