"2014 1 Alba 80764 80567 80663 80987 81117 81347 81456 81306 81457 81564 81472 81118",
"2014 1 Arad 122436 122087 122182 122672 122868 123218 123382 123155 123384 123546 123407 122871",
"2014 1 Arges 135089 134791 134981 135519 135734 136117 136298 136049 136300 136477 136325 135737",
"2014 1 Bacau 103608 103309 103384 103795 103960 104253 104391 104201 104393 104529 104412 103962",
"2014 1 Bihor 155145 154766 154939 155548 155792 156226 156430 156149 156433 156634 156461 155795",
"2014 1 BistritaNasaud 60245 60127 60226 60466 60562 60732 60813 60702 60814 60893 60825 60563",
"2014 1 Botosani 51257 51214 51358 51566 51650 51798 51868 51771 51869 51937 51878 51651",
"2014 1 Brasov 164981 164298 164209 164863 165125 165592 165811 165508 165814 166030 165844 165129",
"2014 1 Braila 65111 64956 65037 65297 65400 65585 65672 65552 65674 65759 65686 65402",
"2014 1 Buzau 80310 80132 80242 80559 80686 80912 81018 80872 81020 81124 81035 80688",
"2014 1 CarasSeverin 52158 52088 52207 52415 52498 52647 52716 52620 52717 52786 52727 52499",
"2014 1 Calarasi 42709 42623 42690 42859 42927 43048 43105 43026 43105 43161 43113 42928",
"2014 1 Cluj 206558 205734 205638 206442 206763 207336 207606 207234 207610 207874 207647 206768",
"2014 1 Constanta 176665 175870 175700 176391 176668 177160 177391 177072 177395 177622 177427 176672",
"2014 1 Covasna 45691 45592 45658 45842 45915 46046 46107 46023 46108 46169 46117 45916",
"2014 1 Dambovita 72733 72669 72869 73162 73279 73487 73585 73450 73586 73682 73599 73280",
"2014 1 Dolj 121797 121382 121402 121883 122076 122419 122580 122358 122583 122741 122605 122079",
"2014 1 Galati 109193 108979 109157 109589 109763 110071 110216 110016 110218 110360 110238 109765",
"2014 1 Giurgiu 32655 32599 32659 32788 32839 32931 32974 32915 32975 33017 32981 32840",
"2014 1 Gorj 73561 73485 73677 73973 74092 74303 74402 74265 74403 74501 74417 74093",
"2014 1 Harghita 64580 64313 64277 64530 64631 64812 64897 64780 64898 64981 64910 64633",
"2014 1 Hunedoara 109514 109259 109404 109846 110023 110337 110485 110281 110488 110633 110508 110025",
"2014 1 Ialomita 43648 43585 43680 43854 43924 44048 44106 44026 44107 44164 44115 43925",
"2014 1 Iasi 147431 146938 146978 147568 147804 148224 148421 148149 148424 148618 148451 147807",
"2014 1 Ilfov 114513 114261 114417 114868 115048 115369 115520 115312 115522 115670 115543 115051",
"2014 1 Maramures 96772 96519 96614 96998 97152 97426 97554 97377 97556 97683 97574 97154",
"2014 1 Mehedinti 41232 41163 41243 41409 41476 41594 41649 41573 41650 41705 41658 41476",
"2014 1 Mures 125239 124921 125055 125553 125753 126108 126275 126045 126277 126441 126300 125756",
"2014 1 Neamt 77556 77349 77421 77728 77851 78070 78173 78031 78175 78276 78189 77853",
"2014 1 Olt 63768 63640 63745 64002 64104 64287 64372 64254 64374 64458 64386 64106",
"2014 1 Prahova 168820 168330 168451 169125 169394 169874 170100 169789 170104 170325 170135 169398",
"2014 1 SatuMare 76741 76529 76595 76901 77023 77242 77344 77203 77346 77446 77360 77025",
"2014 1 Salaj 44585 44494 44563 44741 44812 44938 44997 44915 44998 45057 45007 44813",
"2014 1 Sibiu 120940 120459 120420 120908 121103 121451 121615 121389 121617 121778 121640 121106",
"2014 1 Suceava 95341 95158 95314 95689 95839 96105 96231 96058 96233 96356 96250 95841",
"2014 1 Teleorman 52615 52609 52794 53004 53088 53238 53308 53211 53309 53378 53319 53089",
"2014 1 Timis 216403 215452 215280 216140 216484 217097 217385 216987 217389 217672 217429 216489",
"2014 1 Tulcea 42320 42275 42381 42549 42615 42735 42791 42713 42791 42846 42799 42616",
"2014 1 Vaslui 51630 51551 51660 51867 51950 52098 52168 52072 52169 52237 52178 51952",
"2014 1 Valcea 75458 75257 75328 75628 75749 75963 76063 75925 76065 76164 76079 75750",
"2014 1 Vrancea 53503 53299 53285 53495 53579 53728 53798 53701 53800 53869 53809 53580",
"2014 1 Bucuresti 895313 890148 888184 891715 893129 895644 896830 895196 896848 898010 897006 893149",