"2014 1 Alba 5069 4980 6553 7544 10170 10704 13134 16295 10041 8718 7455 6047",
"2014 1 Arad 12191 12398 14815 14778 17809 18347 21428 23723 20633 19241 15721 13757",
"2014 1 Arges 7361 8025 10637 12230 12779 16855 20246 20714 14873 13345 10778 11643",
"2014 1 Bacau 4913 6104 7492 8415 8530 12023 11613 11836 9986 9197 7430 7130",
"2014 1 Bihor 13357 15109 16789 19228 25327 28400 34783 44009 32125 26768 22673 18912",
"2014 1 BistritaNasaud 3052 3898 4533 4953 7414 6874 8937 9917 6976 5813 4386 4177",
"2014 1 Botosani 2049 1989 2305 3912 5634 4652 3583 4146 3106 3077 2962 2433",
"2014 1 Brasov 60430 70798 50665 55926 69639 72754 79483 101518 82756 74162 68159 75766",
"2014 1 Braila 2620 3039 3984 3534 4365 5142 7487 6255 5077 5028 4911 4804",
"2014 1 Buzau 4322 3789 4236 4130 5509 6094 7113 8097 7595 7225 5758 4250",
"2014 1 CarasSeverin 5097 5206 5352 7695 12895 12690 16534 20315 11888 9583 7837 7001",
"2014 1 Calarasi 803 864 1206 773 1244 2685 1531 1583 1338 1387 1104 1062",
"2014 1 Cluj 19260 21323 25290 27746 33982 34157 35476 35867 33117 34924 31159 21462",
"2014 1 Constanta 9674 12529 14620 16405 42695 103513 252707 315101 69009 20651 14966 12077",
"2014 1 Covasna 2694 3969 4779 4462 7565 9545 11516 11276 9152 10299 7913 5213",
"2014 1 Dambovita 4280 4947 5000 5167 7634 7742 8037 10081 8662 8189 6418 6069",
"2014 1 Dolj 6096 5857 7247 7219 7732 8264 8247 8139 8415 8163 8180 7419",
"2014 1 Galati 3571 4662 5521 5084 6199 6306 5249 5566 5756 6023 5387 4214",
"2014 1 Giurgiu 1355 1490 1476 1511 1817 2704 2898 2821 2224 1558 1870 1400",
"2014 1 Gorj 4243 4857 5348 5170 7175 6908 8070 8975 8681 7996 5171 5083",
"2014 1 Harghita 6149 6084 6268 7069 10329 12705 17809 21295 10310 9565 7357 7812",
"2014 1 Hunedoara 4714 6236 6859 7348 10498 11209 14468 13476 11145 8715 9248 6494",
"2014 1 Ialomita 1675 1626 2156 2609 3545 5069 5546 6039 4257 4348 2644 1915",
"2014 1 Iasi 10300 12691 15003 14695 17818 17249 18451 16243 19511 23129 18468 13433",
"2014 1 Ilfov 8582 8381 8970 9569 11048 10923 10889 10379 11757 11300 9027 9215",
"2014 1 Maramures 7574 6693 7386 8074 8842 10861 10708 11965 15962 11554 9847 10243",
"2014 1 Mehedinti 2161 2120 2915 4539 4888 4724 6223 8024 5765 4708 3157 2568",
"2014 1 Mures 22992 25596 26354 28181 34649 33509 44661 60101 41911 36278 29147 25464",
"2014 1 Neamt 7106 7006 9132 12853 16408 18305 21744 30076 19549 14097 8578 10668",
"2014 1 Olt 2412 2829 2779 2744 3022 2894 3395 2807 3217 3491 3020 2214",
"2014 1 Prahova 23744 29097 22340 24682 31085 29491 34484 44073 35821 34618 29935 31061",
"2014 1 SatuMare 4698 5943 6639 7760 8787 8689 9596 10736 9084 8653 7808 7042",
"2014 1 Salaj 1903 2253 2264 2165 2984 2539 2951 4071 3489 2943 2760 1938",
"2014 1 Sibiu 23421 23950 23297 26896 34534 34531 33685 42803 33496 27518 26130 24394",
"2014 1 Suceava 14372 16467 14593 18098 23373 22808 29309 36686 26047 19524 16523 21965",
"2014 1 Teleorman 666 724 843 973 1169 1027 1331 885 1019 1153 1023 662",
"2014 1 Timis 29968 16068 19125 22232 23321 26674 25866 26840 23601 28925 26131 20098",
"2014 1 Tulcea 1632 2205 2393 2987 6262 9588 12290 13897 7483 3237 2663 1605",
"2014 1 Vaslui 2191 2199 2685 2345 3433 2407 3606 3377 3782 3156 2194 2218",
"2014 1 Valcea 8710 10376 11287 15504 21645 22291 30326 35548 25083 16448 15533 15461",
"2014 1 Vrancea 2039 1903 1993 3289 2720 3421 3772 4772 3663 3958 3945 3345",
"2014 1 Bucuresti 80834 95114 120721 111122 142027 141962 125197 131688 157382 157606 137846 108723",