"2015 1 Alba 0 2 1 1 3 4 1 1 2 1 2 3",
"2015 1 Arad 1 1 1 2 3 3 3 3 1 3 1 3",
"2015 1 Arges 6 2 5 3 3 5 4 2 1 4 2 1",
"2015 1 Bacau 5 3 6 7 2 4 5 5 4 5 4 1",
"2015 1 Bihor 6 2 5 3 7 4 3 8 5 2 3 2",
"2015 1 BistritaNasaud 3 3 0 1 0 2 3 3 4 1 3 2",
"2015 1 Botosani 5 1 4 6 2 3 6 0 3 5 5 0",
"2015 1 Brasov 3 7 2 5 2 3 5 6 4 4 0 2",
"2015 1 Braila 3 1 0 0 2 3 0 3 2 0 1 0",
"2015 1 Buzau 3 5 1 2 4 4 3 0 1 3 3 3",
"2015 1 CarasSeverin 2 2 1 3 2 3 2 5 3 0 3 1",
"2015 1 Calarasi 4 1 4 5 0 4 4 3 2 4 2 0",
"2015 1 Cluj 4 1 2 2 3 1 4 5 9 7 2 6",
"2015 1 Constanta 8 6 3 9 8 7 6 5 6 10 4 2",
"2015 1 Covasna 2 3 1 1 1 1 3 1 1 3 0 1",
"2015 1 Dambovita 5 1 3 2 3 4 1 1 1 3 5 0",
"2015 1 Dolj 3 2 4 5 4 7 10 8 10 5 4 0",
"2015 1 Galati 2 4 2 2 4 5 4 2 0 0 1 4",
"2015 1 Giurgiu 5 1 0 3 3 0 1 1 0 0 1 0",
"2015 1 Gorj 1 2 0 1 1 0 3 2 1 1 2 4",
"2015 1 Harghita 1 1 2 3 3 5 2 2 0 3 1 3",
"2015 1 Hunedoara 1 2 3 2 0 2 6 1 4 0 1 6",
"2015 1 Ialomita 7 2 1 3 1 2 3 1 0 3 0 1",
"2015 1 Iasi 6 5 6 5 8 7 4 4 8 4 3 5",
"2015 1 Ilfov 4 3 2 4 3 2 2 3 0 2 3 0",
"2015 1 Maramures 7 2 3 4 1 4 3 0 4 7 4 5",
"2015 1 Mehedinti 1 4 2 2 3 1 1 1 0 5 2 3",
"2015 1 Mures 8 8 7 2 5 6 4 1 4 9 5 2",
"2015 1 Neamt 2 3 5 4 1 3 3 2 2 3 1 2",
"2015 1 Olt 2 0 4 2 1 3 3 2 1 2 4 1",
"2015 1 Prahova 3 3 5 2 8 1 1 5 2 3 7 4",
"2015 1 SatuMare 4 1 4 1 1 4 3 5 2 2 2 1",
"2015 1 Salaj 1 2 1 6 3 0 0 3 0 2 2 1",
"2015 1 Sibiu 3 2 3 2 3 1 4 2 2 5 0 1",
"2015 1 Suceava 10 6 6 6 5 5 4 7 5 11 7 1",
"2015 1 Teleorman 0 1 2 3 2 1 2 3 0 1 4 1",
"2015 1 Timis 5 3 8 4 2 7 3 2 4 7 2 4",
"2015 1 Tulcea 0 2 6 1 4 1 0 2 2 2 2 5",
"2015 1 Vaslui 3 4 7 2 3 5 5 1 3 5 1 2",
"2015 1 Valcea 2 1 1 1 0 0 5 2 1 2 0 3",
"2015 1 Vrancea 1 1 2 5 3 0 2 2 0 2 6 0",
"2015 1 Bucuresti 10 6 6 10 11 4 6 7 9 11 7 8",
