"2015 1 Alba 21 26 42 57 55 57 67 65 45 38 36 30",
"2015 1 Arad 41 49 93 74 68 71 74 82 91 39 69 59",
"2015 1 Arges 69 83 125 122 163 164 168 190 144 111 94 139",
"2015 1 Bacau 54 60 86 92 119 105 111 155 83 49 67 79",
"2015 1 Bihor 28 71 85 91 93 125 93 155 105 94 74 56",
"2015 1 BistritaNasaud 15 23 44 47 65 70 57 97 58 54 29 27",
"2015 1 Botosani 23 54 41 59 56 63 62 97 58 48 58 89",
"2015 1 Brasov 30 22 73 51 60 60 52 48 33 63 22 73",
"2015 1 Braila 17 28 41 27 54 50 56 48 47 64 50 48",
"2015 1 Buzau 34 26 49 39 38 56 55 58 45 37 27 25",
"2015 1 CarasSeverin 9 7 5 16 28 23 25 20 18 14 12 15",
"2015 1 Calarasi 25 29 40 56 55 49 51 54 49 41 45 29",
"2015 1 Cluj 96 107 113 185 140 143 186 158 138 128 103 132",
"2015 1 Constanta 67 95 127 135 156 273 137 173 134 114 118 97",
"2015 1 Covasna 7 11 28 17 15 26 11 8 20 10 27 13",
"2015 1 Dambovita 47 67 95 149 105 138 150 217 119 95 62 89",
"2015 1 Dolj 52 45 38 75 104 95 89 110 64 77 59 45",
"2015 1 Galati 64 72 89 109 112 100 94 175 77 104 80 75",
"2015 1 Giurgiu 31 29 33 49 51 38 64 74 38 59 42 49",
"2015 1 Gorj 19 30 37 36 41 55 46 55 50 36 33 35",
"2015 1 Harghita 13 17 31 32 43 34 30 44 39 19 20 12",
"2015 1 Hunedoara 17 23 18 31 35 29 31 22 16 23 33 25",
"2015 1 Ialomita 20 35 32 34 54 55 71 61 46 36 31 34",
"2015 1 Iasi 80 151 169 175 225 231 201 228 216 182 136 167",
"2015 1 Ilfov 189 306 542 441 462 520 496 598 446 407 474 437",
"2015 1 Maramures 57 84 110 94 99 142 123 151 81 61 71 105",
"2015 1 Mehedinti 18 12 36 38 26 51 34 36 26 23 16 14",
"2015 1 Mures 33 30 38 59 59 45 69 81 52 56 47 27",
"2015 1 Neamt 36 48 72 41 94 85 93 113 82 47 47 55",
"2015 1 Olt 16 31 42 50 44 59 75 69 61 53 45 40",
"2015 1 Prahova 59 58 104 129 120 184 125 200 117 91 84 88",
"2015 1 SatuMare 36 29 48 51 45 54 54 59 55 58 33 56",
"2015 1 Salaj 23 21 55 36 24 35 49 51 39 24 19 21",
"2015 1 Sibiu 22 34 62 52 50 53 39 65 69 58 51 33",
"2015 1 Suceava 92 115 209 179 219 240 256 403 173 163 144 208",
"2015 1 Teleorman 5 15 11 27 22 27 18 29 17 13 16 13",
"2015 1 Timis 85 133 182 212 212 204 225 190 263 209 167 175",
"2015 1 Tulcea 9 12 15 24 26 33 41 23 31 18 10 14",
"2015 1 Vaslui 20 46 41 28 46 54 44 54 45 57 33 54",
"2015 1 Valcea 26 23 31 31 55 47 51 38 45 32 29 28",
"2015 1 Vrancea 43 43 70 53 73 72 110 122 89 56 43 42",
"2015 1 Bucuresti 26 49 51 52 43 99 89 90 79 46 37 20",
