"2015 1 Alba 5723 6634 6835 9336 14848 15397 19913 23753 15548 12715 12726 10123",
"2015 1 Arad 13625 13003 14886 15586 18689 19975 25910 26644 20188 17588 14388 13775",
"2015 1 Arges 9523 9080 10385 13721 15370 17745 26528 28858 19551 16387 13692 12641",
"2015 1 Bacau 6880 7176 7955 7832 9659 13093 13846 16422 12387 11173 8632 8500",
"2015 1 Bihor 12621 15268 16453 20641 27871 34384 42307 50062 35147 32282 31008 24144",
"2015 1 BistritaNasaud 3993 4142 4590 5176 8236 8377 10919 10795 8096 6399 5354 4216",
"2015 1 Botosani 2273 1833 2325 2469 3109 3730 3167 3151 3832 4341 3553 3887",
"2015 1 Brasov 78678 77000 61827 63631 76059 81892 95494 120754 95090 84156 77036 80823",
"2015 1 Braila 3468 3687 4647 4712 6260 7273 8680 8657 7036 6847 5857 4293",
"2015 1 Buzau 3808 4007 4947 4954 5959 6213 7386 7836 6812 5891 5489 4778",
"2015 1 CarasSeverin 7300 7273 7657 10793 15952 19606 24130 27231 16665 13257 11542 9344",
"2015 1 Calarasi 821 1141 1264 1332 1536 1432 2099 1958 1713 1683 1461 1107",
"2015 1 Cluj 20736 24267 28654 34560 41400 43140 42601 43397 42689 43412 36705 26678",
"2015 1 Constanta 10449 12260 14835 19676 45284 118562 308849 347708 86364 23161 19009 15318",
"2015 1 Covasna 4273 4448 4864 5987 9014 9304 11511 19265 8258 7374 6901 5935",
"2015 1 Dambovita 5024 4869 5594 5726 7693 8315 9808 9921 9121 7925 7775 7318",
"2015 1 Dolj 6262 7664 7984 8196 8571 9388 9191 9316 9409 9367 8980 7973",
"2015 1 Galati 3800 4662 5025 5544 5993 7225 6404 7316 7332 7903 6955 5484",
"2015 1 Giurgiu 1391 1275 1768 2184 1991 2674 3188 2626 2341 1797 2107 1518",
"2015 1 Gorj 4874 4997 5091 5719 6507 6287 10464 9510 7429 6021 5516 5793",
"2015 1 Harghita 7716 8484 6455 8758 14591 13773 19721 22405 16835 11713 10241 11998",
"2015 1 Hunedoara 6574 7743 9422 10849 14731 15413 19053 22277 14936 10563 10004 9369",
"2015 1 Ialomita 2106 2058 2321 2338 3932 4985 6021 6774 4067 4037 3762 2462",
"2015 1 Iasi 11825 13611 17245 17952 22457 23052 22541 20467 26342 27539 24842 18597",
"2015 1 Ilfov 8593 8444 10097 10009 11973 12469 12548 10999 12318 11036 10070 8302",
"2015 1 Maramures 7998 8391 8358 9771 13816 14593 18573 20025 15525 12790 10381 12659",
"2015 1 Mehedinti 2634 3248 3501 4942 6709 7990 10204 13477 10368 7571 5707 4620",
"2015 1 Mures 24041 27107 30696 31906 41916 43709 56337 67957 51867 47581 38208 30856",
"2015 1 Neamt 7642 7682 8155 11447 15720 20130 24752 31422 21025 13076 9288 11096",
"2015 1 Olt 2378 2136 3172 3141 3427 2811 2257 2350 2840 3231 2691 2909",
"2015 1 Prahova 30599 30703 27962 30659 37985 37113 46483 56026 46272 43008 39459 39285",
"2015 1 SatuMare 7240 7378 7270 7071 7891 8655 9296 9694 8640 7132 7157 7239",
"2015 1 Salaj 1807 2380 2414 2245 3289 3149 4320 4714 3711 3473 3091 3091",
"2015 1 Sibiu 16270 17321 19778 23330 35585 40074 63397 71199 51637 28309 35558 34429",
"2015 1 Suceava 17959 18375 15765 20887 26756 28422 37559 43873 31143 24211 19815 24327",
"2015 1 Teleorman 739 774 775 824 1370 1432 1399 1318 1027 1322 1173 1061",
"2015 1 Timis 17511 19644 24674 27527 31207 30949 32019 31468 35684 34957 30944 22775",
"2015 1 Tulcea 1502 2008 2359 3284 7268 10543 10458 13257 9763 4738 2211 1685",
"2015 1 Vaslui 2124 1794 2812 3214 3368 3180 4047 3921 3992 3605 2949 2880",
"2015 1 Valcea 14356 13317 12659 20194 25687 26454 37759 43660 27271 22726 19586 21945",
"2015 1 Vrancea 2274 2370 2500 3396 3260 3545 4093 3988 3820 4012 3960 5561",
"2015 1 Bucuresti 98968 109511 145347 136609 166963 164254 156049 143682 164670 164824 148151 124971",
