"2015 1 Alba 79 62 58 33 71 29 26 69 57 61 49 34",
"2015 1 Arad 5 34 35 53 82 39 58 46 21 40 31 43",
"2015 1 Arges 5 103 66 72 81 59 115 90 59 107 88 64",
"2015 1 Bacau 101 86 99 100 86 101 83 71 38 42 76 82",
"2015 1 Bihor 19 56 94 91 81 77 82 40 122 85 99 82",
"2015 1 BistritaNasaud 7 31 19 8 31 13 30 8 38 31 28 14",
"2015 1 Botosani 5 93 58 62 72 39 91 65 79 123 94 78",
"2015 1 Brasov 35 75 119 84 80 75 61 107 117 64 111 102",
"2015 1 Braila 4 63 63 64 54 74 68 37 47 58 70 62",
"2015 1 Buzau 5 60 51 47 59 75 58 44 39 35 30 61",
"2015 1 CarasSeverin 14 37 46 63 49 62 45 82 43 37 36 47",
"2015 1 Calarasi 13 37 48 30 38 33 53 39 24 48 44 28",
"2015 1 Cluj 25 63 49 76 82 82 39 24 87 33 52 71",
"2015 1 Constanta 40 132 81 89 88 142 112 87 151 121 144 126",
"2015 1 Covasna 3 18 28 34 31 17 46 15 14 13 33 27",
"2015 1 Dambovita 28 48 66 109 57 60 43 41 63 99 100 30",
"2015 1 Dolj 27 25 47 39 56 24 21 66 23 77 51 41",
"2015 1 Galati 6 117 130 81 86 110 98 125 71 79 87 36",
"2015 1 Giurgiu 6 10 10 6 15 22 38 34 17 9 22 29",
"2015 1 Gorj 18 28 73 22 40 84 33 55 50 45 35 99",
"2015 1 Harghita 11 26 33 31 22 24 24 40 13 37 32 26",
"2015 1 Hunedoara 33 46 95 67 97 76 70 91 28 41 47 72",
"2015 1 Ialomita 8 23 13 34 11 39 31 34 36 34 13 39",
"2015 1 Iasi 82 97 95 101 102 97 72 108 67 89 91 83",
"2015 1 Ilfov 13 45 42 55 42 37 25 20 42 37 97 80",
"2015 1 Maramures 36 81 65 56 74 63 72 59 56 68 58 83",
"2015 1 Mehedinti 4 19 25 25 1 78 49 21 3 30 30 13",
"2015 1 Mures 15 57 66 53 42 55 6 67 93 71 43 36",
"2015 1 Neamt 62 95 57 74 50 62 73 41 79 56 46 62",
"2015 1 Olt 2 37 57 41 33 40 4 88 32 27 20 38",
"2015 1 Prahova 18 102 149 98 78 73 84 51 63 91 119 144",
"2015 1 SatuMare 26 76 59 45 52 85 17 42 94 88 49 15",
"2015 1 Salaj 25 34 41 36 34 22 29 20 21 30 30 30",
"2015 1 Sibiu 30 58 79 34 65 48 7 34 50 97 56 66",
"2015 1 Suceava 39 95 88 91 87 101 44 83 112 55 150 79",
"2015 1 Teleorman 14 40 49 55 58 34 25 41 32 62 39 46",
"2015 1 Timis 11 91 94 113 47 83 69 67 113 125 61 130",
"2015 1 Tulcea 0 13 21 25 8 8 8 14 21 15 14 24",
"2015 1 Vaslui 21 63 62 56 69 79 73 55 45 43 72 79",
"2015 1 Valcea 6 35 25 39 45 31 20 52 23 18 18 34",
"2015 1 Vrancea 9 58 41 34 48 32 31 17 46 48 27 39",
"2015 1 Bucuresti 122 248 200 231 353 266 196 183 272 392 484 372",
