"2015 1 Alba 1476 1525 1538 1535 1526 1526 1550 1535 1560 1610 1638 1816",
"2015 1 Arad 1545 1553 1602 1588 1559 1623 1682 1589 1650 1676 1728 1855",
"2015 1 Arges 1627 1639 1695 1833 1794 1975 1923 1728 1738 1753 1740 1991",
"2015 1 Bacau 1299 1291 1380 1381 1375 1403 1436 1423 1432 1459 1509 1661",
"2015 1 Bihor 1276 1261 1314 1319 1313 1336 1363 1342 1369 1406 1439 1515",
"2015 1 BistritaNasaud 1271 1256 1305 1306 1279 1300 1366 1347 1399 1429 1441 1486",
"2015 1 Botosani 1316 1295 1316 1328 1304 1322 1355 1336 1354 1388 1405 1564",
"2015 1 Brasov 1658 1661 1795 1753 1718 1789 1761 1734 1749 1808 1891 2040",
"2015 1 Braila 1300 1282 1310 1343 1296 1305 1362 1322 1334 1372 1377 1515",
"2015 1 Buzau 1355 1358 1408 1420 1404 1415 1427 1433 1446 1473 1473 1626",
"2015 1 CarasSeverin 1276 1281 1307 1328 1331 1331 1351 1358 1379 1415 1415 1459",
"2015 1 Calarasi 1345 1334 1410 1380 1398 1407 1481 1418 1453 1505 1510 1627",
"2015 1 Cluj 1847 1838 1925 2010 1916 1990 2036 1961 1987 2060 2104 2358",
"2015 1 Constanta 1669 1659 1729 1805 1758 1729 1773 1760 1788 1840 1877 2111",
"2015 1 Covasna 1273 1252 1329 1268 1276 1289 1318 1319 1317 1353 1368 1502",
"2015 1 Dambovita 1422 1390 1457 1499 1435 1494 1506 1479 1511 1544 1537 1682",
"2015 1 Dolj 1629 1542 1546 1605 1547 1637 1630 1588 1586 1673 1655 1821",
"2015 1 Galati 1604 1593 1637 1679 1618 1637 1669 1670 1662 1687 1697 1909",
"2015 1 Giurgiu 1345 1308 1339 1403 1382 1358 1407 1375 1407 1471 1464 1629",
"2015 1 Gorj 1660 1649 1728 1902 1702 1655 1770 1807 1745 1799 1830 2100",
"2015 1 Harghita 1187 1191 1219 1224 1213 1242 1275 1256 1284 1317 1316 1419",
"2015 1 Hunedoara 1446 1442 1490 1522 1491 1451 1503 1467 1471 1524 1551 1684",
"2015 1 Ialomita 1287 1287 1338 1344 1343 1343 1351 1351 1399 1423 1433 1570",
"2015 1 Iasi 1624 1613 1683 1674 1692 1676 1700 1705 1721 1767 1831 1950",
"2015 1 Ilfov 2009 2018 2174 2083 2088 2080 2160 2092 2135 2152 2215 2504",
"2015 1 Maramures 1255 1256 1302 1289 1287 1305 1369 1346 1369 1418 1472 1533",
"2015 1 Mehedinti 1426 1412 1466 1491 1465 1446 1481 1562 1553 1510 1520 1675",
"2015 1 Mures 1548 1584 1641 1804 1616 1644 1652 1647 1641 1683 1701 1914",
"2015 1 Neamt 1267 1258 1298 1307 1286 1272 1301 1323 1330 1361 1362 1497",
"2015 1 Olt 1444 1445 1562 1510 1496 1601 1564 1622 1583 1595 1662 1820",
"2015 1 Prahova 1601 1617 1694 1682 1670 1639 1658 1646 1680 1695 1746 1876",
"2015 1 SatuMare 1317 1321 1439 1365 1370 1379 1421 1404 1423 1475 1475 1573",
"2015 1 Salaj 1320 1346 1359 1346 1330 1368 1440 1396 1447 1565 1456 1562",
"2015 1 Sibiu 1841 1784 1884 2004 1941 1865 1939 1885 1906 1954 2040 2188",
"2015 1 Suceava 1246 1190 1232 1234 1264 1240 1261 1264 1299 1315 1327 1462",
"2015 1 Teleorman 1368 1340 1360 1376 1368 1379 1410 1421 1418 1460 1482 1577",
"2015 1 Timis 1799 1815 1957 1961 1887 1966 1944 1870 1910 1966 2201 2218",
"2015 1 Tulcea 1350 1338 1374 1514 1374 1405 1440 1440 1393 1424 1432 1589",
"2015 1 Vaslui 1228 1218 1272 1288 1265 1255 1309 1282 1301 1365 1371 1480",
"2015 1 Valcea 1378 1376 1415 1472 1457 1452 1501 1506 1497 1530 1585 1664",
"2015 1 Vrancea 1290 1279 1328 1336 1321 1327 1369 1388 1372 1438 1438 1622",
"2015 1 Bucuresti 2419 2405 2594 2637 2540 2524 2554 2504 2533 2556 2617 2958",
