"2015 1 Alba 2042 2113 2130 2124 2118 2115 2150 2133 2163 2237 2277 2529",
"2015 1 Arad 2138 2152 2217 2201 2162 2256 2337 2210 2290 2328 2403 2571",
"2015 1 Arges 2256 2275 2350 2541 2493 2713 2666 2403 2409 2436 2420 2766",
"2015 1 Bacau 1791 1782 1908 1903 1902 1941 1986 1971 1981 2017 2093 2303",
"2015 1 Bihor 1771 1750 1823 1829 1823 1851 1896 1865 1901 1955 2004 2111",
"2015 1 BistritaNasaud 1753 1731 1801 1799 1766 1794 1890 1866 1937 1981 1993 2068",
"2015 1 Botosani 1817 1791 1819 1829 1800 1826 1871 1845 1871 1921 1942 2163",
"2015 1 Brasov 2297 2298 2489 2414 2383 2482 2443 2406 2421 2510 2630 2834",
"2015 1 Braila 1796 1765 1808 1853 1791 1803 1884 1830 1842 1901 1908 2103",
"2015 1 Buzau 1867 1874 1939 1960 1938 1952 1971 1984 1998 2038 2028 2256",
"2015 1 CarasSeverin 1745 1753 1784 1815 1826 1835 1862 1873 1898 1954 1955 2017",
"2015 1 Calarasi 1853 1838 1941 1907 1933 1948 2053 1966 2012 2088 2094 2258",
"2015 1 Cluj 2552 2541 2655 2767 2648 2738 2807 2709 2737 2848 2906 3260",
"2015 1 Constanta 2319 2300 2401 2503 2443 2397 2458 2442 2481 2554 2607 2933",
"2015 1 Covasna 1763 1731 1840 1751 1764 1785 1825 1831 1821 1877 1898 2069",
"2015 1 Dambovita 1960 1922 2015 2069 1984 2065 2087 2048 2094 2141 2132 2339",
"2015 1 Dolj 2268 2143 2152 2232 2150 2126 2272 2209 2211 2325 2302 2533",
"2015 1 Galati 2225 2205 2275 2327 2245 2269 2315 2318 2305 2342 2355 2654",
"2015 1 Giurgiu 1859 1805 1853 1939 1915 1884 1955 1906 1958 2041 2024 2266",
"2015 1 Gorj 2320 2293 2414 2614 2371 2310 2431 2511 2434 2510 2562 2915",
"2015 1 Harghita 1644 1643 1679 1686 1672 1713 1762 1741 1777 1827 1830 1973",
"2015 1 Hunedoara 1999 1993 2059 2102 1997 2012 2083 2033 2039 2115 2146 2346",
"2015 1 Ialomita 1774 1776 1845 1853 1850 1851 1865 1866 1933 1967 1983 2180",
"2015 1 Iasi 2246 2224 2321 2308 2330 2312 2348 2353 2374 2446 2518 2699",
"2015 1 Ilfov 2793 2809 3027 2902 2915 2906 3016 2924 2983 3007 3095 3495",
"2015 1 Maramures 1732 1734 1799 1779 1777 1803 1892 1864 1896 1967 2042 2127",
"2015 1 Mehedinti 1971 1948 2018 2059 2022 2001 2048 2159 2145 2088 2102 2317",
"2015 1 Mures 2148 2197 2282 2499 2245 2281 2297 2290 2280 2341 2366 2667",
"2015 1 Neamt 1758 1746 1801 1817 1787 1773 1811 1846 1850 1896 1894 2086",
"2015 1 Olt 1999 1985 2165 2090 2070 2212 2172 2254 2196 2216 2305 2537",
"2015 1 Prahova 2222 2241 2346 2331 2321 2278 2299 2287 2333 2357 2425 2608",
"2015 1 SatuMare 1816 1823 1986 1883 1896 1903 1969 1944 1790 2045 2048 2183",
"2015 1 Salaj 1816 1855 1868 1852 1830 1883 1981 1929 1992 2143 2008 2152",
"2015 1 Sibiu 2558 2476 2615 2784 2691 2596 2690 2628 2655 2721 2844 3040",
"2015 1 Suceava 1716 1641 1699 1697 1747 1708 1742 1744 1787 1822 1838 2027",
"2015 1 Teleorman 1905 1862 1896 1906 1893 1917 1963 1972 1974 2032 2061 2205",
"2015 1 Timis 2481 2497 2694 2690 2601 2710 2685 2585 2640 2713 3026 3078",
"2015 1 Tulcea 1879 1858 1909 2077 1907 1948 2004 2004 1926 1973 1991 2207",
"2015 1 Vaslui 1687 1675 1747 1773 1741 1729 1797 1775 1796 1893 1897 2053",
"2015 1 Valcea 1909 1904 1955 2034 2005 2009 2081 2085 2078 2125 2202 2316",
"2015 1 Vrancea 1774 1760 1833 1844 1822 1831 1890 1917 1897 1991 1993 2255",
"2015 1 Bucuresti 3344 3329 3581 3637 3520 3494 3543 3473 3509 3539 3624 4083",
