"2015 1 Alba -150 -192 -225 -137 -149 -56 -18 -8 -35 -117 -115 -207",
"2015 1 Arad -183 -251 -296 -236 -247 -152 -104 -20 34 -73 -202 -243",
"2015 1 Arges -263 -300 -342 -253 -201 -61 -64 -63 5 -155 -237 -150",
"2015 1 Bacau -266 -371 -302 -237 -180 -60 141 199 135 -58 -289 -271",
"2015 1 Bihor -252 -251 -271 -181 -171 -91 -36 -8 50 -134 -197 -115",
"2015 1 BistritaNasaud -16 -76 -85 -62 -14 6 116 145 62 25 -32 -30",
"2015 1 Botosani -225 -210 -233 -253 -121 -126 17 99 7 -107 -229 -210",
"2015 1 Brasov -36 -138 -102 -26 -18 70 97 171 107 76 -78 -75",
"2015 1 Braila -234 -298 -302 -240 -245 -162 -125 -128 -93 -144 -231 -217",
"2015 1 Buzau -358 -312 -384 -300 -220 -217 -156 -136 -100 -192 -356 -275",
"2015 1 CarasSeverin -225 -241 -269 -214 -208 -154 -108 -4 -72 -140 -204 -154",
"2015 1 Calarasi -195 -218 -209 -215 -123 -54 -22 -16 -20 -124 -175 -146",
"2015 1 Cluj -216 -172 -303 -175 -127 -15 -3 35 52 -5 -161 -95",
"2015 1 Constanta -135 -176 -194 -153 -53 19 124 163 170 -56 -101 -53",
"2015 1 Covasna -41 -29 -46 -63 -17 21 8 0 36 20 -66 -59",
"2015 1 Dambovita -261 -294 -299 -236 -169 -109 6 71 12 -184 -182 -119",
"2015 1 Dolj -436 -508 -662 -381 -316 -224 -154 -72 -45 -261 -352 -366",
"2015 1 Galati -182 -315 -371 -224 -158 -117 45 72 28 -91 -181 -187",
"2015 1 Giurgiu -157 -209 -225 -177 -149 -115 -120 -38 -80 -117 -180 -142",
"2015 1 Gorj -181 -209 -201 -134 -128 -82 -82 0 -4 -119 -157 -83",
"2015 1 Harghita -45 -146 -90 -50 -67 -27 23 13 20 -33 -52 -62",
"2015 1 Hunedoara -187 -259 -302 -197 -151 -134 -158 -60 -76 -230 -230 -202",
"2015 1 Ialomita -178 -147 -143 -160 -137 -38 -14 30 41 -74 -148 -157",
"2015 1 Iasi -24 -109 -233 -96 68 98 321 266 346 169 -41 0",
"2015 1 Ilfov 6 2 -78 63 63 77 115 157 145 108 -33 28",
"2015 1 Maramures -168 -142 -200 -130 -108 -116 105 150 87 -70 -124 -35",
"2015 1 Mehedinti -132 -224 -252 -153 -152 -102 -74 -16 -49 -88 -191 -141",
"2015 1 Mures -169 -274 -257 -201 -172 -79 46 86 5 -90 -123 -98",
"2015 1 Neamt -225 -273 -332 -317 -165 -136 -93 71 -3 -142 -227 -234",
"2015 1 Olt -376 -345 -372 -335 -281 -250 -171 -81 -90 -244 -260 -250",
"2015 1 Prahova -420 -507 -519 -428 -297 -190 -63 -186 -36 -265 -343 -321",
"2015 1 SatuMare -97 -192 -169 -144 -75 -69 50 38 24 -43 -118 -113",
"2015 1 Salaj -59 -112 -120 -105 -34 -35 26 38 50 -47 -50 -21",
"2015 1 Sibiu -90 -103 -97 -101 32 -15 126 93 98 14 -28 -49",
"2015 1 Suceava -65 -149 -223 -139 -75 61 322 500 259 64 -133 -33",
"2015 1 Teleorman -424 -396 -428 -389 -309 -208 -226 -235 -171 -285 -353 -345",
"2015 1 Timis -81 -284 -200 -166 -93 71 88 232 176 -18 -245 -353",
"2015 1 Tulcea -123 -105 -196 -130 -92 -81 -18 -1 -21 -76 -83 -121",
"2015 1 Vaslui -101 -150 -241 -157 -93 -26 87 80 40 6 -87 -71",
"2015 1 Valcea -157 -195 -177 -212 -109 -91 4 -17 -64 -63 -127 -88",
"2015 1 Vrancea -156 -175 -267 -171 -95 -59 44 159 15 -82 -195 -200",
"2015 1 Bucuresti -379 -547 -500 -440 -249 -89 12 -5 -138 -244 -335 -207",
