"2015 1 Alba 275 214 228 251 244 288 342 328 332 241 213 244",
"2015 1 Arad 365 287 313 296 275 313 402 432 453 372 282 354",
"2015 1 Arges 437 388 416 383 398 494 540 479 543 455 406 477",
"2015 1 Bacau 527 453 538 491 486 594 772 808 747 619 462 515",
"2015 1 Bihor 445 427 448 453 434 499 576 586 572 495 412 558",
"2015 1 BistritaNasaud 289 244 250 252 255 265 371 398 311 290 246 301",
"2015 1 Botosani 365 282 319 306 337 345 442 501 409 372 292 328",
"2015 1 Brasov 569 422 514 499 479 527 593 641 589 557 444 506",
"2015 1 Braila 198 149 204 200 156 217 240 241 260 238 160 183",
"2015 1 Buzau 306 272 288 279 288 286 370 366 364 326 227 315",
"2015 1 CarasSeverin 186 160 160 156 170 175 225 292 239 209 156 200",
"2015 1 Calarasi 216 187 212 209 213 255 335 323 294 245 175 268",
"2015 1 Cluj 563 522 500 515 529 631 675 671 674 630 490 652",
"2015 1 Constanta 605 523 564 524 537 627 751 778 728 623 543 638",
"2015 1 Covasna 198 162 188 167 164 192 206 193 220 195 158 172",
"2015 1 Dambovita 334 309 317 350 333 341 474 512 446 361 357 417",
"2015 1 Dolj 540 444 432 481 437 479 640 645 626 566 452 493",
"2015 1 Galati 455 320 366 393 367 405 565 575 501 448 381 434",
"2015 1 Giurgiu 215 163 183 204 184 179 249 257 225 218 172 217",
"2015 1 Gorj 225 194 208 217 191 219 284 281 297 236 199 264",
"2015 1 Harghita 270 226 262 259 227 275 297 262 309 292 225 279",
"2015 1 Hunedoara 311 238 276 302 282 317 356 375 355 288 273 318",
"2015 1 Ialomita 205 176 213 209 183 237 270 283 290 232 211 207",
"2015 1 Iasi 809 680 733 781 735 778 992 926 1004 906 713 801",
"2015 1 Ilfov 371 351 313 348 338 358 415 420 403 434 332 375",
"2015 1 Maramures 394 383 378 378 378 361 533 590 474 395 322 482",
"2015 1 Mehedinti 215 141 155 189 160 175 257 259 232 222 157 176",
"2015 1 Mures 518 422 495 431 398 473 593 587 553 460 447 516",
"2015 1 Neamt 376 363 353 349 401 404 485 581 501 382 322 382",
"2015 1 Olt 249 246 271 262 215 253 321 361 330 279 260 283",
"2015 1 Prahova 596 450 524 476 516 564 712 628 687 578 482 584",
"2015 1 SatuMare 305 230 251 267 267 281 383 405 354 289 234 306",
"2015 1 Salaj 223 196 192 193 207 213 246 271 259 189 204 241",
"2015 1 Sibiu 349 317 356 332 391 393 467 413 424 410 326 403",
"2015 1 Suceava 679 562 568 605 593 645 942 1067 828 703 509 653",
"2015 1 Teleorman 210 224 240 221 173 238 300 288 282 247 193 244",
"2015 1 Timis 618 461 519 509 527 620 642 742 768 620 530 631",
"2015 1 Tulcea 162 141 144 136 152 157 192 215 185 170 174 172",
"2015 1 Vaslui 432 327 365 353 320 399 464 499 429 461 350 405",
"2015 1 Valcea 225 192 211 218 220 244 324 274 259 255 190 228",
"2015 1 Vrancea 303 235 221 275 268 287 433 509 324 304 230 289",
"2015 1 Bucuresti 1607 1395 1459 1459 1449 1627 1864 1788 1606 1666 1527 1701",
