"2015 1 Alba 86022 79499 102731 88834 88436 92635 92652 73633 77977 86215 87326 67581",
"2015 1 Arad 233753 258932 272701 261730 253111 271469 273630 196922 294088 297293 287158 215092",
"2015 1 Arges 397901 433232 477330 432647 469465 469853 472480 270302 481285 519605 482418 365826",
"2015 1 Bacau 33024 35682 42472 38784 40532 42214 47635 31638 41329 42920 41380 35478",
"2015 1 Bihor 145082 147545 174629 145370 145295 158657 163638 141256 174630 188087 173999 137474",
"2015 1 BistritaNasaud 52147 53329 58880 53772 57778 58625 62650 47516 64577 71323 67130 48134",
"2015 1 Botosani 22480 26581 27523 24710 25582 24643 27669 17221 22208 25951 23838 21034",
"2015 1 Brasov 213882 216595 251660 240574 223283 246948 237533 195352 241370 272712 253715 195307",
"2015 1 Braila 10182 30100 14945 12898 28369 33845 31731 20066 12593 13034 10683 29246",
"2015 1 Buzau 56287 45196 40096 45196 47809 50386 59847 64600 55686 50789 57484 37322",
"2015 1 CarasSeverin 26163 26404 28428 26919 23801 25879 28014 19090 26987 29149 28887 16447",
"2015 1 Calarasi 22590 22075 29612 23966 26140 31996 41518 31313 29372 28279 19612 23046",
"2015 1 Cluj 83381 91340 97005 92306 102606 103444 100167 89020 107804 117454 111434 85759",
"2015 1 Constanta 123859 136960 157115 154407 151514 249376 211225 161052 289869 153506 87188 155948",
"2015 1 Covasna 26069 28730 28865 25869 18917 25785 27361 23627 23780 24295 24028 18123",
"2015 1 Dambovita 43102 44717 53018 49946 52486 57773 62249 51583 61084 56787 49407 40459",
"2015 1 Dolj 113684 84195 102390 79659 87384 103132 96749 72189 105316 73492 99290 79398",
"2015 1 Galati 77231 78619 69444 102857 73003 66225 73440 73539 57941 70339 51683 53085",
"2015 1 Giurgiu 6168 3327 5147 4704 5475 4789 4796 3664 4754 5456 4741 3901",
"2015 1 Gorj 3082 3776 5725 4054 5332 3835 5503 4726 3933 5019 5310 3389",
"2015 1 Harghita 21964 24087 26509 23080 26843 26592 29204 22136 27504 28893 26273 20304",
"2015 1 Hunedoara 58086 63418 73996 63622 65008 63545 72295 45021 66075 68525 67540 54946",
"2015 1 Ialomita 12293 14128 17537 17642 15104 22260 22678 14012 24356 18573 14271 14671",
"2015 1 Iasi 56663 56085 69028 69999 60472 68116 67104 52055 68821 71032 64435 58780",
"2015 1 Ilfov 139196 206201 209624 181202 192886 204717 224730 186192 207162 222422 217419 177813",
"2015 1 Maramures 84644 84866 89071 83025 89997 89875 96694 83572 95338 101504 97576 80567",
"2015 1 Mehedinti 6130 9938 9048 8771 10634 9911 10550 3993 11422 10188 8665 5064",
"2015 1 Mures 58492 75545 79452 73138 78404 78907 88708 72997 87151 86563 94304 62793",
"2015 1 Neamt 31514 31982 37337 31364 32746 36522 38903 26151 34150 39197 39064 29392",
"2015 1 Olt 100438 97273 113095 113802 104942 108250 103401 96739 109266 110823 103604 84157",
"2015 1 Prahova 138295 156979 184049 123807 170073 187196 195065 144667 167946 154135 148902 139253",
"2015 1 SatuMare 65895 69217 77708 69785 71838 73746 72891 69553 73741 80354 77292 60175",
"2015 1 Salaj 40247 40571 40084 41465 36375 44046 35529 33691 39871 42280 47914 49414",
"2015 1 Sibiu 196175 193189 202792 186798 191957 201014 201831 156541 197627 214898 207792 153737",
"2015 1 Suceava 29185 33194 38336 34149 35987 34612 39236 32547 33810 37004 35827 31087",
"2015 1 Teleorman 22939 16820 20391 16885 11941 12606 13447 7928 11986 13226 37058 10529",
"2015 1 Timis 346195 433307 485134 438924 417967 450303 481943 363852 487767 479108 463963 358312",
"2015 1 Tulcea 33368 8459 9558 10449 66213 8605 64351 11500 13998 68564 98580 56862",
"2015 1 Vaslui 14764 13935 14900 13177 13001 16451 18573 13379 14692 14590 14116 11932",
"2015 1 Valcea 24162 28511 31936 32486 31238 35063 35494 30338 34700 34827 31641 25249",
"2015 1 Vrancea 19319 18298 18283 15629 21898 24325 29350 27093 21548 25291 22964 20433",
"2015 1 Bucuresti 807101 765245 827632 761463 722803 769572 888355 744411 834822 853472 770956 696000",
