"2015 1 Alba 425 406 453 388 393 344 360 336 367 358 328 451",
"2015 1 Arad 548 538 609 532 522 465 506 452 419 445 484 597",
"2015 1 Arges 700 688 758 636 599 555 604 542 538 610 643 627",
"2015 1 Bacau 793 824 840 728 666 654 631 609 612 677 751 786",
"2015 1 Bihor 697 678 719 634 605 590 612 595 522 629 609 673",
"2015 1 BistritaNasaud 305 320 335 314 269 259 255 253 249 265 278 331",
"2015 1 Botosani 590 492 552 559 458 471 425 402 402 479 521 538",
"2015 1 Brasov 605 560 616 525 497 457 496 470 482 481 522 581",
"2015 1 Braila 432 447 506 440 401 379 365 369 353 382 391 400",
"2015 1 Buzau 664 584 672 579 508 503 526 502 464 518 583 590",
"2015 1 CarasSeverin 411 401 429 370 378 329 333 296 311 349 360 354",
"2015 1 Calarasi 411 405 421 424 336 309 357 339 314 369 350 414",
"2015 1 Cluj 779 694 803 690 656 646 678 636 622 635 651 747",
"2015 1 Constanta 740 699 758 677 590 608 627 615 558 679 644 691",
"2015 1 Covasna 239 191 234 230 181 171 198 193 184 175 224 231",
"2015 1 Dambovita 595 603 616 586 502 450 468 441 434 545 539 536",
"2015 1 Dolj 976 952 1094 862 753 703 794 717 671 827 804 859",
"2015 1 Galati 637 635 737 617 525 522 520 503 473 539 562 621",
"2015 1 Giurgiu 372 372 408 381 333 294 369 295 305 335 352 359",
"2015 1 Gorj 406 403 409 351 319 301 366 281 301 355 356 347",
"2015 1 Harghita 315 372 352 309 294 302 274 249 289 325 277 341",
"2015 1 Hunedoara 498 497 578 499 433 451 514 435 431 518 503 520",
"2015 1 Ialomita 383 323 356 369 320 275 284 253 249 306 359 364",
"2015 1 Iasi 833 789 966 877 667 680 671 660 658 737 754 801",
"2015 1 Ilfov 365 349 391 285 275 281 300 263 258 326 365 347",
"2015 1 Maramures 562 525 578 508 486 477 428 440 387 465 446 517",
"2015 1 Mehedinti 347 365 407 342 312 277 331 275 281 310 348 317",
"2015 1 Mures 687 696 752 632 570 552 547 501 548 550 570 614",
"2015 1 Neamt 601 636 685 666 566 540 578 510 504 524 549 616",
"2015 1 Olt 625 591 643 597 496 503 492 442 420 523 520 533",
"2015 1 Prahova 1016 957 1043 904 813 754 775 814 723 843 825 905",
"2015 1 SatuMare 402 422 420 411 342 350 333 367 330 332 352 419",
"2015 1 Salaj 282 308 312 298 241 248 220 233 209 236 254 262",
"2015 1 Sibiu 439 420 453 433 359 408 341 320 326 396 354 452",
"2015 1 Suceava 744 711 791 744 668 584 620 567 569 639 642 686",
"2015 1 Teleorman 634 620 668 610 482 446 526 523 453 532 546 589",
"2015 1 Timis 699 745 719 675 620 549 554 510 592 638 775 984",
"2015 1 Tulcea 285 246 340 266 244 238 210 216 206 246 257 293",
"2015 1 Vaslui 533 477 606 510 413 425 377 419 389 455 437 476",
"2015 1 Valcea 382 387 388 430 329 335 320 291 323 318 317 316",
"2015 1 Vrancea 459 410 488 446 363 346 389 350 309 386 425 489",
"2015 1 Bucuresti 1986 1942 1959 1899 1698 1716 1852 1793 1744 1910 1862 1908",
