"2015 1 Alba 12737 15030 16021 19951 29400 30065 40081 45626 30680 25193 25843 21384",
"2015 1 Arad 18935 19790 24862 24910 32221 34724 46098 49831 39184 33520 30803 23109",
"2015 1 Arges 17373 15750 16343 20759 23628 29437 42951 47000 36757 27638 24570 23567",
"2015 1 Bacau 16594 16149 17939 17676 23509 34977 39471 46873 35542 29934 22476 19786",
"2015 1 Bihor 31169 40097 42806 52261 84621 121405 158799 179431 135865 117816 105275 63451",
"2015 1 BistritaNasaud 7566 7668 10042 9129 16217 18880 24235 32564 27010 19813 14386 8059",
"2015 1 Botosani 3668 3162 5267 4439 6190 7814 6604 6020 6046 7499 5386 5960",
"2015 1 Brasov 182211 171308 122848 128402 148877 163047 202079 257674 185080 160166 151105 175894",
"2015 1 Braila 6801 8878 10927 11624 19590 23191 29418 29675 24702 23393 19575 10039",
"2015 1 Buzau 7517 8883 10601 10832 15254 15820 19264 21147 18113 16015 15009 10284",
"2015 1 CarasSeverin 18161 21924 24637 30962 65016 81723 103766 116765 86140 71155 59594 29260",
"2015 1 Calarasi 1739 2276 2766 2188 3177 2807 3716 4230 3553 4027 3046 1996",
"2015 1 Cluj 39540 43767 59689 70488 81135 88193 87619 84044 82532 90877 77897 49571",
"2015 1 Constanta 31625 33170 45350 62895 149203 455616 1315634 1522826 347427 94592 74176 48792",
"2015 1 Covasna 10787 14394 22518 22997 44184 58350 69755 66204 57317 44926 48170 21244",
"2015 1 Dambovita 9711 12060 16656 15724 21624 24334 27974 29320 26418 24385 23801 16220",
"2015 1 Dolj 11204 13805 14466 14366 16294 17407 17262 16433 17307 17228 16153 15159",
"2015 1 Galati 7296 8830 9042 12085 11791 13456 12315 12757 12387 13237 12619 8808",
"2015 1 Giurgiu 2493 2329 3055 4016 3989 4099 4817 4026 3353 3439 3262 2049",
"2015 1 Gorj 10419 9058 7964 8814 12193 11760 21259 20951 13382 9947 9651 11414",
"2015 1 Harghita 17476 19531 12712 26189 36008 34745 57167 68417 40600 34119 28702 28947",
"2015 1 Hunedoara 11918 15192 20819 23261 29441 34892 47445 50647 36770 27794 26201 19272",
"2015 1 Ialomita 6811 11390 12955 6629 18740 28012 37112 29960 24508 17431 11015 6412",
"2015 1 Iasi 20400 24964 33200 33683 43939 42593 44561 39800 46965 49745 43948 30363",
"2015 1 Ilfov 11291 10669 13237 13201 16035 16323 16470 14361 17386 16463 14286 11771",
"2015 1 Maramures 15517 14230 14412 17585 24350 25891 34562 32413 27838 23631 18751 27874",
"2015 1 Mehedinti 3692 6005 7542 9786 13102 17479 24103 28174 19730 15253 12068 8653",
"2015 1 Mures 51183 54460 54188 61598 89485 92444 129774 145034 104802 96159 80961 59584",
"2015 1 Neamt 12701 11217 11664 19619 30375 38207 51695 56581 37956 25602 16029 18162",
"2015 1 Olt 4483 5409 7499 6923 7823 6735 5225 5385 5930 6220 6119 5616",
"2015 1 Prahova 65357 74270 59481 61977 78044 79361 109480 130074 98205 89955 84473 85437",
"2015 1 SatuMare 12158 12378 12598 11743 12509 14018 15665 15429 13730 11866 11640 11994",
"2015 1 Salaj 3709 5571 6610 5862 7177 7384 10380 11195 8140 7892 7984 5279",
"2015 1 Sibiu 27856 31113 34881 38517 59379 67170 103522 120176 85835 49067 60794 58935",
"2015 1 Suceava 42231 41496 34152 49169 62768 68332 85926 94243 66309 52590 46060 51041",
"2015 1 Teleorman 1170 1311 1364 1217 2033 3571 2478 2520 1848 2037 1789 1551",
"2015 1 Timis 36586 42120 53967 59998 72755 81179 80182 83853 86191 82545 73090 48937",
"2015 1 Tulcea 2183 2937 4048 6950 13977 22319 25345 29925 17358 7097 3237 2801",
"2015 1 Vaslui 2866 2447 5245 5203 4948 4573 6697 5432 5717 5519 4790 4501",
"2015 1 Valcea 26515 33223 34690 67439 108465 124888 170289 182404 129365 116211 100949 57536",
"2015 1 Vrancea 3814 3721 3643 5295 4665 6223 7531 7162 5949 6202 6316 15062",
"2015 1 Bucuresti 161088 175600 234859 227787 273978 277372 267677 239075 273701 281306 248272 207376",
