"2015 1 Alba 50264 30583 44492 42782 34413 40151 38827 28649 26482 33116 36333 9419",
"2015 1 Arad 39779 49764 26516 35173 29878 31991 29991 -1154 46419 44261 49713 28907",
"2015 1 Arges 83854 109488 122510 99986 147346 121323 116295 53708 102333 152704 148116 64130",
"2015 1 Bacau 108 -13781 -12779 -11196 -8050 -15093 -6834 -11395 -14564 -12492 -10413 -7576",
"2015 1 Bihor -8385 -10391 7113 -15835 -10748 -830 -837 2720 -3070 3792 -1207 -14355",
"2015 1 BistritaNasaud 8890 11308 10332 11309 7960 1455 7466 4353 2861 7652 8970 -3076",
"2015 1 Botosani 4206 8709 4805 1661 2134 1567 3821 4286 -61 3810 838 975",
"2015 1 Brasov 32370 4759 22846 33061 21881 23410 -573 -6930 4552 33311 32673 -5104",
"2015 1 Braila -4855 19265 1774 -1273 13853 13561 16802 8994 -1243 -2573 -2678 16631",
"2015 1 Buzau 20187 17557 -11668 4142 18590 1059 689 18711 17555 -626 23965 -38428",
"2015 1 CarasSeverin 9785 9883 9387 8855 7360 6669 7995 1702 9166 9142 8995 -2536",
"2015 1 Calarasi 6208 -547 1003 -6235 3571 2897 8354 10788 2041 10580 718 7991",
"2015 1 Cluj -41574 -48449 -74011 -74901 -65996 -68116 -88937 -71014 -83838 -85280 -73252 -88177",
"2015 1 Constanta -38130 -53061 -89984 -93633 -101906 38264 -135012 -79844 51078 -12833 -20297 -32451",
"2015 1 Covasna 6080 6647 3852 3365 -3152 2048 5345 2494 -1895 -1421 -16 -3625",
"2015 1 Dambovita 11530 11838 11095 8489 10157 6868 11164 3312 17423 6985 5071 -1973",
"2015 1 Dolj 40011 -3994 16491 10918 12375 18463 10421 14918 11815 -9280 23905 11743",
"2015 1 Galati 8062 9418 307 36141 -8856 -13976 -14553 -17255 -18619 -12644 -29605 -29070",
"2015 1 Giurgiu 242 -4334 -5622 -2827 -3587 -10585 -5230 -3401 -5255 -3982 -5665 -6064",
"2015 1 Gorj -1454 -48 1664 -522 1696 -155 1633 519 -293 1608 416 517",
"2015 1 Harghita -861 -141 -7218 -6762 -3575 -8881 -4403 -6656 -9701 -5775 -9060 -7126",
"2015 1 Hunedoara 12161 11677 11899 13518 21331 17521 23120 9885 15207 16665 16829 8910",
"2015 1 Ialomita 4770 4591 5823 5663 3519 6013 7839 -1706 9530 5890 -3942 -5572",
"2015 1 Iasi 14063 5115 4101 11567 3396 -870 1596 -4711 243 -129 -678 -8626",
"2015 1 Ilfov -163112 -141847 -205272 -203748 -182885 -218390 -207610 -188620 -233961 -227945 -230367 -250261",
"2015 1 Maramures 32086 25694 22797 19857 28819 18091 24279 25297 18204 26045 15949 16180",
"2015 1 Mehedinti -440 2549 1056 1558 2215 683 2016 -1031 1937 2322 219 346",
"2015 1 Mures -23183 -3128 -23190 -12075 -2882 -18254 -22010 -4236 -9572 -28088 -422 -29157",
"2015 1 Neamt 11984 5586 209 1023 4730 -2042 8048 -1445 6478 6681 9010 4531",
"2015 1 Olt 52691 48551 49542 61990 55751 49306 43962 49038 56455 62687 52885 42843",
"2015 1 Prahova -33551 -78904 -86737 -41161 -59184 -55665 -45311 -86301 -77437 -98570 -88224 -77164",
"2015 1 SatuMare 5608 2895 1454 -3981 3772 -414 -9402 -11384 -13482 -7043 -1656 -5589",
"2015 1 Salaj 9886 16145 14589 19981 14533 20616 6530 16867 16821 15930 26078 31896",
"2015 1 Sibiu 47752 40269 31415 28562 43570 38147 34268 20260 33748 22421 39326 11775",
"2015 1 Suceava -2345 -2863 -3364 -6233 -3162 -10951 -8962 -7786 -13728 -9330 -7102 -9476",
"2015 1 Teleorman 12786 7007 8604 3703 -14089 -5047 -3003 -3833 -3065 72 26242 -84",
"2015 1 Timis 78464 77077 89944 69934 55366 56130 68655 31738 84460 58458 75725 5778",
"2015 1 Tulcea 11968 -16186 -23488 -14539 31451 -12574 39393 -3538 -7452 51375 79191 40674",
"2015 1 Vaslui 5453 3477 3974 -67 -1200 1377 5331 5778 3077 3096 3225 2182",
"2015 1 Valcea 8915 6939 6422 9435 11387 11581 10246 9246 9472 12308 9520 1689",
"2015 1 Vrancea 3846 664 -2273 -7531 1690 -699 8871 13110 -590 2314 4729 4302",
"2015 1 Bucuresti -566460 -640933 -859680 -742423 -738627 -831238 -698131 -746559 -844456 -1014846 -1056932 -935570",
