"2015 1 Alba 75 57 44 113 218 128 323 313 323 218 71 80",
"2015 1 Arad 114 138 122 182 310 260 438 504 363 317 124 121",
"2015 1 Arges 94 111 68 208 260 243 591 680 564 415 153 123",
"2015 1 Bacau 154 148 109 184 288 250 609 1008 462 291 156 174",
"2015 1 Bihor 116 123 113 204 431 296 557 558 530 399 142 90",
"2015 1 BistritaNasaud 75 91 47 99 222 130 313 374 276 223 91 52",
"2015 1 Botosani 82 71 51 135 183 118 321 536 295 195 102 133",
"2015 1 Brasov 105 190 118 216 296 297 600 660 491 320 158 129",
"2015 1 Braila 42 57 27 101 82 99 215 273 230 220 76 87",
"2015 1 Buzau 75 85 46 140 144 132 290 336 326 272 98 85",
"2015 1 CarasSeverin 80 78 57 100 154 141 255 290 218 220 125 82",
"2015 1 Calarasi 49 60 38 91 122 132 187 257 181 210 86 50",
"2015 1 Cluj 151 230 168 299 688 491 749 715 678 529 155 166",
"2015 1 Constanta 177 162 146 317 302 340 613 734 764 613 237 230",
"2015 1 Covasna 41 59 44 77 99 91 134 171 114 103 49 60",
"2015 1 Dambovita 72 84 73 143 195 169 447 564 390 262 93 90",
"2015 1 Dolj 103 134 109 200 264 238 475 653 603 435 168 126",
"2015 1 Galati 141 153 140 186 240 239 470 765 487 388 156 179",
"2015 1 Giurgiu 49 59 35 77 137 131 203 238 199 137 68 45",
"2015 1 Gorj 91 81 45 158 176 148 277 400 282 239 107 90",
"2015 1 Harghita 55 76 42 108 145 163 202 275 149 144 63 76",
"2015 1 Hunedoara 109 122 82 141 228 189 385 442 327 277 123 131",
"2015 1 Ialomita 58 48 37 89 109 104 162 212 218 210 92 53",
"2015 1 Iasi 186 215 180 387 506 351 824 1070 734 522 260 276",
"2015 1 Ilfov 64 93 77 169 238 296 419 425 407 264 124 84",
"2015 1 Maramures 144 159 68 176 284 188 482 768 322 245 114 122",
"2015 1 Mehedinti 71 69 72 110 102 100 201 273 229 179 60 88",
"2015 1 Mures 98 134 99 170 345 248 414 464 389 285 123 118",
"2015 1 Neamt 82 113 50 113 213 132 543 825 353 235 102 95",
"2015 1 Olt 70 70 51 120 160 130 311 405 343 258 105 67",
"2015 1 Prahova 112 156 123 234 235 347 677 668 685 509 207 135",
"2015 1 SatuMare 92 80 65 131 196 145 288 565 230 185 88 121",
"2015 1 Salaj 56 46 45 92 160 108 170 227 195 161 50 22",
"2015 1 Sibiu 118 135 90 180 278 189 450 435 355 344 152 125",
"2015 1 Suceava 228 231 126 234 434 267 807 1164 636 421 193 228",
"2015 1 Teleorman 40 55 32 90 140 110 190 280 243 204 77 32",
"2015 1 Timis 147 228 159 278 635 424 448 579 663 579 531 501",
"2015 1 Tulcea 36 38 31 63 86 73 136 229 156 156 57 47",
"2015 1 Vaslui 111 101 83 158 171 137 309 487 260 197 132 152",
"2015 1 Valcea 60 57 35 87 137 95 210 212 186 163 70 57",
"2015 1 Vrancea 64 70 39 112 100 88 239 529 268 181 78 94",
"2015 1 Bucuresti 477 766 819 1157 1174 1438 1857 2138 1743 1565 621 437",
