"2015 1 Alba 80896 80968 81207 81413 81680 81948 82269 82390 82520 82561 82620 82287",
"2015 1 Arad 126281 126310 126600 126922 127340 127759 128261 128451 128654 128717 128809 128289",
"2015 1 Arges 136460 136635 137089 137433 137881 138330 138868 139071 139288 139356 139455 138898",
"2015 1 Bacau 103808 103931 104266 104528 104868 105209 105617 105771 105936 105988 106063 105640",
"2015 1 Bihor 156946 156760 156893 157285 157795 158305 158917 159148 159396 159473 159585 158952",
"2015 1 BistritaNasaud 61713 61716 61847 62002 62205 62408 62651 62743 62841 62872 62916 62665",
"2015 1 Botosani 51288 51375 51568 51699 51870 52041 52247 52324 52407 52433 52471 52258",
"2015 1 Brasov 166870 166954 167381 167803 168351 168900 169559 169807 170073 170157 170278 169596",
"2015 1 Braila 64976 65037 65231 65395 65608 65822 66078 66175 66279 66311 66358 66093",
"2015 1 Buzau 80729 80817 81069 81271 81534 81798 82113 82232 82360 82400 82458 82131",
"2015 1 CarasSeverin 54275 54374 54584 54721 54900 55078 55292 55373 55460 55487 55526 55304",
"2015 1 Calarasi 42672 42708 42832 42940 43079 43219 43386 43449 43517 43538 43569 43395",
"2015 1 Cluj 215857 215742 216065 216602 217300 218001 218840 219156 219496 219602 219756 218887",
"2015 1 Constanta 174747 174699 175004 175440 176005 176573 177252 177509 177783 177870 177994 177291",
"2015 1 Covasna 46942 46949 47053 47173 47329 47485 47672 47742 47818 47842 47876 47682",
"2015 1 Dambovita 73692 73770 74001 74188 74431 74675 74967 75078 75196 75233 75286 74984",
"2015 1 Dolj 121970 122232 122742 123048 123445 123843 124321 124501 124694 124754 124842 124348",
"2015 1 Galati 109628 109756 110109 110384 110741 111100 111529 111691 111865 111919 111998 111553",
"2015 1 Giurgiu 33306 33306 33375 33458 33566 33675 33805 33854 33907 33923 33947 33812",
"2015 1 Gorj 72538 72607 72825 73010 73249 73490 73777 73886 74003 74039 74092 73794",
"2015 1 Harghita 64291 64256 64351 64512 64720 64930 65181 65275 65377 65409 65455 65195",
"2015 1 Hunedoara 110089 110189 110517 110799 111164 111531 111971 112136 112314 112370 112450 111995",
"2015 1 Ialomita 43278 43310 43431 43540 43682 43824 43995 44059 44128 44150 44181 44004",
"2015 1 Iasi 147449 147685 148225 148600 149086 149574 150158 150378 150615 150689 150796 150191",
"2015 1 Ilfov 119373 119122 119114 119414 119803 120193 120661 120837 121026 121086 121171 120687",
"2015 1 Maramures 99239 99197 99359 99610 99935 100262 100653 100800 100959 101008 101080 100675",
"2015 1 Mehedinti 42013 42020 42114 42221 42360 42500 42667 42730 42798 42819 42850 42676",
"2015 1 Mures 126362 126469 126835 127154 127568 127984 128482 128670 128871 128934 129025 128510",
"2015 1 Neamt 78329 78353 78537 78734 78991 79248 79555 79672 79796 79835 79892 79573",
"2015 1 Olt 64587 64707 64960 65124 65338 65552 65808 65905 66009 66041 66088 65823",
"2015 1 Prahova 169417 169475 169881 170310 170868 171428 172098 172351 172623 172708 172831 172136",
"2015 1 SatuMare 77097 77046 77153 77349 77603 77857 78163 78278 78401 78440 78496 78180",
"2015 1 Salaj 45653 45661 45762 45878 46028 46178 46358 46426 46499 46522 46555 46368",
"2015 1 Sibiu 120903 121055 121459 121770 122173 122577 123061 123244 123440 123501 123590 123089",
"2015 1 Suceava 97279 97269 97457 97700 98015 98331 98710 98853 99006 99054 99124 98731",
"2015 1 Teleorman 53201 53260 53429 53563 53737 53912 54121 54200 54285 54311 54350 54133",
"2015 1 Timis 221717 221767 222275 222837 223567 224300 225177 225508 225863 225975 226135 225227",
"2015 1 Tulcea 43618 43668 43807 43917 44058 44201 44371 44435 44504 44526 44557 44381",
"2015 1 Vaslui 51746 51866 52092 52224 52394 52566 52771 52848 52931 52957 52995 52782",
"2015 1 Valcea 74453 74474 74647 74835 75080 75325 75618 75729 75848 75885 75939 75635",
"2015 1 Vrancea 53521 53595 53778 53911 54085 54259 54467 54545 54630 54656 54694 54479",
"2015 1 Bucuresti 888291 888174 889882 892115 895026 897944 901438 902760 904171 904619 905258 901641",
