"2016 1 Alba 13 52 55 39 85 51 55 82 15 30 34 57",
"2016 1 Arad 0 52 56 41 70 58 49 28 42 23 36 17",
"2016 1 Arges 4 103 64 65 82 81 61 88 73 41 45 24",
"2016 1 Bacau 109 92 111 72 79 103 71 46 64 73 74 84",
"2016 1 Bihor 23 92 69 102 82 82 60 56 116 95 103 66",
"2016 1 BistritaNasaud 1 36 29 18 26 17 12 18 16 23 18 49",
"2016 1 Botosani 8 69 61 41 62 25 33 55 76 29 82 53",
"2016 1 Brasov 36 64 88 102 88 90 59 102 98 71 66 127",
"2016 1 Braila 14 70 76 57 74 43 50 84 32 51 40 54",
"2016 1 Buzau 7 60 76 78 66 58 53 60 46 31 37 36",
"2016 1 CarasSeverin 10 50 43 41 72 34 93 34 45 50 35 53",
"2016 1 Calarasi 16 32 56 19 5 63 17 45 27 41 30 30",
"2016 1 Cluj 29 78 81 61 45 42 23 45 97 79 71 82",
"2016 1 Constanta 44 118 160 89 127 105 187 78 143 106 123 89",
"2016 1 Covasna 2 29 45 22 30 11 28 25 27 22 11 34",
"2016 1 Dambovita 23 67 41 102 79 26 70 64 29 69 67 14",
"2016 1 Dolj 28 33 65 49 57 41 39 59 39 67 48 34",
"2016 1 Galati 9 61 89 83 99 83 60 86 123 66 52 55",
"2016 1 Giurgiu 5 18 13 32 14 29 16 26 19 69 17 46",
"2016 1 Gorj 21 42 47 70 62 62 12 84 28 59 51 77",
"2016 1 Harghita 11 33 24 35 30 35 21 13 22 17 35 44",
"2016 1 Hunedoara 37 98 74 60 54 66 48 42 46 54 52 33",
"2016 1 Ialomita 9 38 39 41 37 42 19 40 43 26 29 25",
"2016 1 Iasi 69 106 106 90 100 83 85 68 86 62 112 81",
"2016 1 Ilfov 17 85 89 57 67 62 53 46 48 89 46 43",
"2016 1 Maramures 24 75 96 53 64 76 56 86 50 57 60 72",
"2016 1 Mehedinti 8 38 34 14 15 41 55 33 19 14 18 19",
"2016 1 Mures 21 62 68 60 68 68 20 80 65 61 54 49",
"2016 1 Neamt 77 61 76 62 55 86 45 43 79 77 92 31",
"2016 1 Olt 2 30 22 69 44 58 10 49 31 37 48 34",
"2016 1 Prahova 10 96 169 83 153 117 87 69 100 70 77 106",
"2016 1 SatuMare 39 66 60 48 34 47 11 57 53 46 39 60",
"2016 1 Salaj 19 24 34 23 26 37 34 19 19 20 28 23",
"2016 1 Sibiu 15 59 84 41 45 44 42 77 38 37 70 61",
"2016 1 Suceava 32 102 95 89 91 73 90 53 81 77 107 93",
"2016 1 Teleorman 28 53 53 44 59 36 33 58 35 30 37 64",
"2016 1 Timis 41 105 98 130 88 81 46 109 107 125 31 161",
"2016 1 Tulcea 3 18 15 9 1 28 3 2 9 7 7 14",
"2016 1 Vaslui 21 58 68 46 59 51 55 31 18 21 57 57",
"2016 1 Valcea 5 27 28 18 29 21 26 20 18 21 16 21",
"2016 1 Vrancea 12 28 54 38 73 40 8 67 52 44 12 38",
"2016 1 Bucuresti 96 211 258 322 222 156 174 248 266 433 345 229",
