"2016 1 Alba 2 1 3 2 1 1 2 3 2 4 0 0",
"2016 1 Arad 2 2 3 0 0 3 2 3 3 1 1 5",
"2016 1 Arges 2 2 4 2 4 5 3 4 3 6 4 1",
"2016 1 Bacau 3 4 6 10 4 5 1 2 3 4 1 8",
"2016 1 Bihor 8 4 3 3 6 2 5 5 2 4 3 6",
"2016 1 BistritaNasaud 0 3 0 2 4 2 5 1 2 0 1 3",
"2016 1 Botosani 2 3 3 5 5 3 5 3 3 2 1 2",
"2016 1 Brasov 3 6 3 1 2 6 2 5 5 3 4 4",
"2016 1 Braila 1 1 4 1 1 2 4 2 3 3 2 1",
"2016 1 Buzau 3 3 2 2 5 3 2 3 2 3 2 0",
"2016 1 CarasSeverin 1 1 2 2 1 2 2 0 4 1 3 3",
"2016 1 Calarasi 4 0 3 4 4 5 4 5 2 5 0 0",
"2016 1 Cluj 4 2 3 3 1 2 2 4 2 2 5 2",
"2016 1 Constanta 9 2 5 6 6 6 5 4 6 3 2 4",
"2016 1 Covasna 4 1 1 1 2 0 2 2 2 3 1 2",
"2016 1 Dambovita 1 0 2 2 3 3 0 7 2 2 3 1",
"2016 1 Dolj 3 2 6 1 5 2 1 5 0 2 4 2",
"2016 1 Galati 6 4 4 5 3 2 6 5 0 3 5 3",
"2016 1 Giurgiu 2 5 4 2 0 4 1 2 1 1 1 0",
"2016 1 Gorj 1 2 4 0 3 3 1 2 1 0 3 4",
"2016 1 Harghita 1 3 2 2 2 1 1 2 0 4 0 3",
"2016 1 Hunedoara 2 2 2 5 4 4 1 3 2 3 1 3",
"2016 1 Ialomita 4 0 3 4 1 1 6 0 2 2 1 1",
"2016 1 Iasi 8 3 12 4 3 3 5 4 3 2 7 4",
"2016 1 Ilfov 2 1 1 3 0 1 2 0 2 2 3 1",
"2016 1 Maramures 2 4 2 2 1 1 4 4 3 3 2 3",
"2016 1 Mehedinti 4 0 4 2 4 5 2 1 2 1 2 2",
"2016 1 Mures 4 5 6 1 4 4 3 3 5 4 2 11",
"2016 1 Neamt 1 3 2 2 3 3 3 3 2 2 2 3",
"2016 1 Olt 1 0 4 0 1 1 4 2 1 1 2 2",
"2016 1 Prahova 3 3 0 3 1 5 1 2 1 3 5 4",
"2016 1 SatuMare 2 3 2 2 4 4 2 3 4 4 1 5",
"2016 1 Salaj 1 0 1 2 1 0 3 0 1 1 1 5",
"2016 1 Sibiu 3 4 2 3 6 2 0 3 5 0 0 1",
"2016 1 Suceava 5 5 7 5 8 8 2 7 3 6 5 2",
"2016 1 Teleorman 1 1 1 2 2 1 0 3 2 1 1 1",
"2016 1 Timis 3 5 5 2 2 2 3 4 2 3 0 2",
"2016 1 Tulcea 0 2 3 0 5 3 0 0 0 3 2 3",
"2016 1 Vaslui 3 3 2 4 2 4 0 3 3 0 4 2",
"2016 1 Valcea 2 0 0 1 2 2 3 1 1 0 0 1",
"2016 1 Vrancea 2 4 3 4 2 0 2 3 5 0 2 4",
"2016 1 Bucuresti 7 7 8 5 6 11 11 2 4 3 11 5",
