"2016 1 Alba 9301 8935 8970 8628 8620 8637 8629 8665 8140 8167 8221 8566",
"2016 1 Arad 4887 4834 4881 4837 4938 4938 5074 5114 5121 4948 4440 4937",
"2016 1 Arges 12807 12761 12478 12073 11931 12268 12510 12789 12476 12364 11906 12115",
"2016 1 Bacau 15267 14189 13466 14476 14615 14334 14605 14100 13800 13898 14180 14560",
"2016 1 Bihor 9704 9822 9223 9033 8920 8752 9037 9133 8783 8713 8047 8155",
"2016 1 BistritaNasaud 4086 4361 4204 4049 3905 3888 4173 4271 4653 5265 4477 4857",
"2016 1 Botosani 7215 7145 7079 6806 6871 6986 7195 7272 7367 7536 7590 7994",
"2016 1 Brasov 8918 9176 9829 9918 10010 10134 10113 10021 9633 9583 9364 9306",
"2016 1 Braila 9303 9161 9069 8748 8575 8452 8573 8571 8587 8516 8629 8609",
"2016 1 Buzau 17644 18100 17002 17042 17636 18014 18662 18804 18807 17993 18085 17144",
"2016 1 CarasSeverin 4809 4650 4260 3975 3875 3271 3230 2681 2355 2297 2309 2413",
"2016 1 Calarasi 6970 6894 7046 6905 6917 7032 7244 7310 7232 7148 7368 7412",
"2016 1 Cluj 8132 7576 7297 7499 7265 7077 7330 7375 6929 7027 7378 8020",
"2016 1 Constanta 10978 10183 10488 9284 8617 8109 8164 8204 8461 9530 10556 10421",
"2016 1 Covasna 4842 4879 4673 4264 3981 4160 4538 4570 4415 4278 4394 4497",
"2016 1 Dambovita 12615 12977 12892 12626 12809 13047 13496 13402 13575 13487 13491 13610",
"2016 1 Dolj 25909 26172 26460 26214 26264 26168 26365 26300 26138 26105 25702 25869",
"2016 1 Galati 17747 17544 17362 17351 17325 18563 18960 18497 18552 18577 18645 18889",
"2016 1 Giurgiu 5509 5106 4737 4792 4984 5016 5238 5323 5111 5030 5012 4809",
"2016 1 Gorj 9562 9332 8934 9137 8951 8780 8610 8590 9115 9547 10201 10095",
"2016 1 Harghita 7542 7554 7187 6672 6906 6901 7255 7647 7678 7533 7580 7829",
"2016 1 Hunedoara 10141 10918 9025 8744 8562 8695 9018 9054 9839 10406 10636 10789",
"2016 1 Ialomita 8341 8128 8208 7690 7739 7348 7232 7184 6791 6884 6904 7514",
"2016 1 Iasi 12858 12682 13091 12946 12988 13002 13285 13713 13466 13203 13192 13104",
"2016 1 Ilfov 2106 2022 1967 1870 1894 1887 1846 1911 1966 1967 1951 1962",
"2016 1 Maramures 7155 6989 6588 6400 6310 6676 6922 6870 6892 6739 6438 6409",
"2016 1 Mehedinti 12156 12494 12774 12084 11799 11532 11305 10897 10628 10177 10049 10034",
"2016 1 Mures 10884 11253 10741 10989 11286 11351 11298 11382 11124 10837 11007 10924",
"2016 1 Neamt 11994 11255 11090 10539 10479 10609 10425 10565 10768 10969 11209 11171",
"2016 1 Olt 13858 13874 13331 12977 12692 12754 13589 13926 14031 14934 14957 14897",
"2016 1 Prahova 12683 12422 12458 11906 12023 12235 12403 12656 12836 13107 12523 12718",
"2016 1 SatuMare 6121 6196 6110 5875 5918 5939 5875 5718 5651 5944 5982 6095",
"2016 1 Salaj 5615 5736 5607 5621 5604 5469 5262 5717 5695 5585 5441 5427",
"2016 1 Sibiu 7209 6914 7005 6966 6979 6716 6781 6938 6667 6577 6796 6617",
"2016 1 Suceava 15227 15620 13955 14107 14266 14312 14401 14468 14619 14715 14762 14453",
"2016 1 Teleorman 18199 17857 18574 17832 17951 18430 19464 19073 18724 17944 17284 15999",
"2016 1 Timis 4234 4297 4126 4075 4239 3799 4149 4440 4083 4039 3965 3944",
"2016 1 Tulcea 4504 4633 4689 4395 4323 4119 4254 4231 4154 4061 4358 4517",
"2016 1 Vaslui 16210 16203 16224 16392 16599 16548 16780 16868 16945 17100 16811 16791",
"2016 1 Valcea 8003 8230 8107 7647 7017 7143 8521 8868 8853 8141 8162 8153",
"2016 1 Vrancea 7992 7668 7785 7685 7755 8228 8442 8515 8135 8068 7965 7993",
"2016 1 Bucuresti 20790 20723 20483 20329 20171 20047 19840 19640 19433 18936 18706 18619",
