"2016 1 Alba 1689 1737 1795 1792 1800 1827 1832 1843 1872 1903 1950 2121",
"2016 1 Arad 1705 1729 1781 1809 1846 1903 1883 1852 1910 1936 1990 2118",
"2016 1 Arges 1772 1792 1801 2231 1988 1903 2036 1918 1927 1932 1927 2160",
"2016 1 Bacau 1611 1619 1697 1685 1701 1758 1760 1803 1850 1796 1861 2083",
"2016 1 Bihor 1486 1464 1508 1518 1583 1590 1601 1611 1628 1645 1684 1753",
"2016 1 BistritaNasaud 1484 1454 1520 1504 1587 1551 1609 1570 1548 1562 1630 1653",
"2016 1 Botosani 1502 1497 1530 1556 1557 1554 1542 1578 1588 1623 1626 1763",
"2016 1 Brasov 1827 1831 1923 1984 1939 2030 1955 1968 1998 2031 2143 2284",
"2016 1 Braila 1421 1422 1467 1486 1528 1554 1550 1544 1548 1582 1639 1795",
"2016 1 Buzau 1588 1588 1610 1641 1698 1700 1704 1743 1718 1726 1752 1873",
"2016 1 CarasSeverin 1430 1453 1475 1515 1546 1580 1545 1586 1653 1681 1733 1744",
"2016 1 Calarasi 1559 1562 1613 1648 1669 1719 1701 1690 1747 1768 1786 1850",
"2016 1 Cluj 2156 2131 2254 2269 2316 2284 2372 2370 2349 2366 2469 2605",
"2016 1 Constanta 1804 1784 1845 1930 1871 1886 1909 1904 1914 1942 1969 2184",
"2016 1 Covasna 1420 1423 1530 1449 1516 1543 1536 1623 1566 1584 1599 1788",
"2016 1 Dambovita 1614 1571 1674 1627 1672 1678 1696 1730 1749 1764 1748 1838",
"2016 1 Dolj 1726 1761 1738 1773 1786 1788 1836 1822 1821 1868 1896 2020",
"2016 1 Galati 1746 1747 1798 1849 1864 1866 1862 1918 1913 1925 1953 2154",
"2016 1 Giurgiu 1607 1594 1629 1625 1708 1661 1636 1660 1685 1705 1718 1926",
"2016 1 Gorj 1860 1812 1819 1923 1845 1861 1924 1967 1891 1979 2011 2090",
"2016 1 Harghita 1373 1355 1402 1387 1473 1480 1496 1523 1540 1532 1558 1671",
"2016 1 Hunedoara 1569 1578 1593 1627 1605 1620 1608 1636 1680 1676 1711 1823",
"2016 1 Ialomita 1448 1449 1494 1542 1539 1570 1519 1550 1582 1590 1662 1711",
"2016 1 Iasi 1851 1843 1888 1907 1924 1946 1926 1927 1968 2015 2020 2183",
"2016 1 Ilfov 2182 2174 2316 2309 2307 2294 2362 2323 2333 2368 2456 2743",
"2016 1 Maramures 1451 1455 1488 1494 1520 1541 1543 1590 1603 1622 1697 1765",
"2016 1 Mehedinti 1629 1636 1658 1673 1707 1696 1668 1718 1713 1733 1753 1881",
"2016 1 Mures 1708 1702 1758 1901 1836 1880 1815 1838 1846 1854 1875 2156",
"2016 1 Neamt 1388 1416 1437 1468 1508 1546 1532 1526 1550 1569 1582 1705",
"2016 1 Olt 1610 1591 1650 1722 1701 1735 1701 1772 1737 1735 1856 1977",
"2016 1 Prahova 1781 1815 1919 1897 1913 1906 1892 1934 1947 1928 1981 2148",
"2016 1 SatuMare 1495 1538 1601 1535 1579 1569 1565 1587 1599 1651 1659 1741",
"2016 1 Salaj 1470 1488 1511 1544 1557 1566 1592 1596 1591 1728 1687 1744",
"2016 1 Sibiu 1997 1963 2072 2216 2174 2104 2132 2135 2139 2116 2227 2375",
"2016 1 Suceava 1392 1390 1436 1470 1557 1517 1488 1510 1533 1561 1547 1672",
"2016 1 Teleorman 1439 1427 1469 1457 1475 1494 1497 1530 1506 1555 1561 1628",
"2016 1 Timis 2001 2019 2142 2221 2163 2240 2211 2162 2191 2231 2507 2512",
"2016 1 Tulcea 1553 1537 1596 1662 1670 1670 1696 1724 1677 1718 1755 1926",
"2016 1 Vaslui 1472 1460 1491 1492 1544 1533 1550 1552 1636 1625 1637 1728",
"2016 1 Valcea 1512 1490 1528 1573 1568 1592 1579 1613 1628 1646 1655 1768",
"2016 1 Vrancea 1438 1436 1460 1444 1557 1571 1562 1587 1602 1584 1580 1707",
"2016 1 Bucuresti 2670 2702 2931 2917 2824 2852 2826 2800 2832 2818 2896 3219",
