"2016 1 Alba -163 -157 -157 -126 -163 -77 -54 -21 -29 -83 -80 -279",
"2016 1 Arad -248 -190 -209 -209 -172 -103 -116 -39 -54 -126 -176 -171",
"2016 1 Arges -283 -185 -253 -272 -207 -183 -117 30 -42 -178 -206 -282",
"2016 1 Bacau -273 -236 -334 -287 -217 -269 -105 -61 -37 -126 -252 -438",
"2016 1 Bihor -157 -254 -203 -184 -209 -87 -64 38 29 -146 -109 -185",
"2016 1 BistritaNasaud -19 -47 -84 -18 -25 7 34 69 64 23 -26 -22",
"2016 1 Botosani -205 -221 -218 -193 -226 -123 -90 -44 -43 -209 -180 -274",
"2016 1 Brasov -24 -110 -47 -84 27 60 53 78 133 3 52 -117",
"2016 1 Braila -245 -259 -200 -218 -204 -256 -132 -127 -128 -165 -170 -269",
"2016 1 Buzau -316 -296 -272 -301 -292 -288 -247 -125 -106 -243 -296 -273",
"2016 1 CarasSeverin -209 -141 -157 -162 -220 -110 -75 -89 -127 -132 -112 -231",
"2016 1 Calarasi -229 -212 -186 -171 -140 -126 -64 0 -69 -87 -135 -211",
"2016 1 Cluj -120 -199 -123 -177 -47 -110 63 42 24 -101 -66 -161",
"2016 1 Constanta -118 -136 -161 -61 -135 -69 7 68 40 -115 -50 -193",
"2016 1 Covasna -59 -78 -36 -21 -32 -10 -10 3 29 15 -23 -77",
"2016 1 Dambovita -234 -189 -179 -233 -235 -110 -101 -24 -9 -136 -157 -336",
"2016 1 Dolj -385 -396 -399 -384 -418 -338 -182 -100 -157 -357 -305 -394",
"2016 1 Galati -254 -264 -167 -237 -198 -290 -57 -5 -37 -212 -248 -324",
"2016 1 Giurgiu -250 -228 -162 -173 -166 -161 -122 -75 -88 -153 -185 -200",
"2016 1 Gorj -119 -182 -152 -154 -134 -97 -41 -42 16 -117 -98 -208",
"2016 1 Harghita -9 -81 -38 -64 -34 -48 -14 -16 8 -54 -14 -33",
"2016 1 Hunedoara -245 -355 -275 -294 -202 -156 -144 -126 -131 -220 -196 -280",
"2016 1 Ialomita -129 -178 -160 -185 -118 -121 -106 -34 5 -110 -161 -165",
"2016 1 Iasi -61 -222 -81 -161 -40 -99 137 206 203 37 31 -73",
"2016 1 Ilfov 39 6 58 -18 49 55 70 136 223 187 33 -9",
"2016 1 Maramures -173 -141 -162 -193 -123 -88 -30 131 -8 -90 -81 -157",
"2016 1 Mehedinti -185 -170 -196 -132 -142 -138 -75 -26 -59 -102 -128 -154",
"2016 1 Mures -231 -176 -158 -196 -113 -154 -94 55 -45 -35 -93 -237",
"2016 1 Neamt -248 -189 -196 -282 -228 -210 -115 -46 -53 -135 -237 -389",
"2016 1 Olt -337 -313 -286 -276 -255 -207 -186 -100 -128 -265 -214 -383",
"2016 1 Prahova -402 -462 -477 -364 -353 -315 -222 -136 -125 -245 -349 -616",
"2016 1 SatuMare -89 -169 -122 -140 -92 -98 23 57 -7 -93 -80 -114",
"2016 1 Salaj -33 -93 -96 -49 -44 -1 -17 8 18 -37 -39 -76",
"2016 1 Sibiu -101 -10 -30 -121 -39 -18 48 83 35 -24 -12 -125",
"2016 1 Suceava -92 -194 -131 -113 -66 35 150 287 209 36 -54 -116",
"2016 1 Teleorman -426 -420 -338 -341 -370 -348 -155 -175 -258 -338 -337 -487",
"2016 1 Timis -79 -70 -33 -67 -37 41 109 88 77 -2 -274 -292",
"2016 1 Tulcea -144 -147 -124 -123 -143 -130 -39 -59 -49 -76 -116 -160",
"2016 1 Vaslui -188 -177 -192 -249 -199 -190 -67 -13 38 -54 -106 -232",
"2016 1 Valcea -171 -133 -137 -81 -50 -130 -56 28 -65 -107 -111 -222",
"2016 1 Vrancea -136 -165 -136 -136 -129 -164 -47 -30 5 -103 -147 -264",
"2016 1 Bucuresti -407 -469 -343 -329 -378 -358 -343 -95 41 -176 -230 -553",
