"2016 1 Alba 34343 18176 36288 25577 26202 48623 40873 42703 60213 44382 54401 13819",
"2016 1 Arad 45529 25643 33357 46048 21533 29900 30177 13141 36982 33613 57576 5907",
"2016 1 Arges 115479 119072 152809 148067 130212 183483 102450 54842 123754 113989 148775 110113",
"2016 1 Bacau -1933 -14776 -24933 -17725 -19439 -17046 -13692 -23664 -19461 -21653 -12908 -17756",
"2016 1 Bihor 7983 -1711 1073 -12937 -14531 -7982 -14034 1999 9088 -8257 -59 5180",
"2016 1 BistritaNasaud 5023 5860 6904 19583 4882 9917 18476 9731 7263 8800 15679 4492",
"2016 1 Botosani 10362 9831 4984 2988 1123 4529 6036 3302 6646 465 1686 3694",
"2016 1 Brasov 27803 24278 15103 20119 11960 16119 -951 6351 32350 -3207 18063 -34437",
"2016 1 Braila 2081 -339 -4944 8358 -5385 -5616 -4475 13172 -3964 5523 -2148 16210",
"2016 1 Buzau 4287 7686 6243 7631 6494 3273 -5622 29170 33867 32625 25263 20157",
"2016 1 CarasSeverin 11981 11056 10176 11262 7192 7004 6005 6916 7451 7901 7730 3075",
"2016 1 Calarasi 11452 16429 9195 6300 2322 14512 39860 8508 16348 1310 17005 4552",
"2016 1 Cluj -44990 -62921 -77600 -69286 -75092 -74146 -64918 -74745 -73293 -74504 -61147 -67508",
"2016 1 Constanta -17678 55453 -86315 -24214 14927 -46146 -83947 -45671 -40960 47553 -7652 -73031",
"2016 1 Covasna 6569 4232 1892 -2913 1060 -525 3823 3392 -2183 -3677 344 -6713",
"2016 1 Dambovita 9233 6192 6580 10629 6861 11417 2280 3716 3699 1401 6510 618",
"2016 1 Dolj 18979 63212 9631 9873 3490 21840 24024 -820 32320 -2081 8915 397",
"2016 1 Galati -692 37073 -32504 -8773 -1569 25572 29632 -9577 -10884 -15603 -2578 -17191",
"2016 1 Giurgiu -3428 -3070 -9105 -1576 -9890 -9421 -7460 -5764 -2637 -6151 -5543 -8501",
"2016 1 Gorj 342 329 1452 -931 -1432 1149 904 1506 870 207 75 -175",
"2016 1 Harghita -1112 -7611 -7201 -8199 -13513 -9236 -6588 -6799 -6228 -8698 -10711 -6921",
"2016 1 Hunedoara 12374 12421 18489 17576 17890 14301 13032 6450 26437 10392 14572 633",
"2016 1 Ialomita 2881 -689 -1553 2208 -3842 -6579 -1306 -275 -1726 2966 3517 -432",
"2016 1 Iasi 9373 1010 9370 -204 9676 15330 3691 -9162 1788 -8866 3227 -6820",
"2016 1 Ilfov -165563 -227923 -314229 -271977 -290548 -304250 -233253 -277678 -286273 -320739 -322585 -264898",
"2016 1 Maramures 28977 21286 27656 17781 18756 24827 29505 32859 27358 24595 34028 14216",
"2016 1 Mehedinti 781 5384 4634 615 2396 1140 4668 825 1681 2705 1953 -1006",
"2016 1 Mures -7198 -18344 -5728 -20711 -15792 -7564 -19359 -18206 -18363 -35541 -38856 -48820",
"2016 1 Neamt 3581 683 5403 2097 -179 5176 2817 -1401 3330 -518 1415 -3478",
"2016 1 Olt 43373 49202 51696 60300 54567 55392 45151 42053 45374 55192 61007 39287",
"2016 1 Prahova -45889 -50119 -33748 -83661 -76490 -85405 -88054 -87290 -84116 -90029 -76820 -78983",
"2016 1 SatuMare 6097 -5378 -5844 -8477 -915 -703 -4257 -8446 -6372 -9331 -11 -3413",
"2016 1 Salaj 24475 8669 9193 8416 12397 14206 9874 10394 15389 17448 16805 14157",
"2016 1 Sibiu 63198 47816 59814 57241 42945 50094 52201 45106 58419 53697 61255 32489",
"2016 1 Suceava -8287 -18229 -14107 -16146 -11742 -9809 -10330 -13077 -5070 -13003 -4882 -13285",
"2016 1 Teleorman 3635 -578 -822 -936 54 75 63 -5603 -3619 -2669 -1427 -2961",
"2016 1 Timis 52347 88095 92104 57072 52036 85637 75156 73657 87687 61383 91791 15614",
"2016 1 Tulcea -2166 -6387 -3814 25620 -15139 17220 24088 -393 24036 2038 1129 12263",
"2016 1 Vaslui 3406 6651 2437 1642 -136 2097 5183 4110 2682 3188 4234 1549",
"2016 1 Valcea 12793 10564 8658 8118 9742 15247 9694 10551 8321 9604 12493 4088",
"2016 1 Vrancea 5929 2216 -5264 -5364 -5707 -2806 2761 1670 4460 -4954 3011 2769",
"2016 1 Bucuresti -726829 -914623 -986101 -899768 -924641 -851306 -728597 -947438 -953435 -948700 -1059728 -923520",
