"2016 1 Alba 387 370 383 363 394 331 328 337 343 340 343 507",
"2016 1 Arad 559 456 497 460 501 430 468 479 448 497 494 520",
"2016 1 Arges 701 601 680 650 623 603 540 507 538 649 667 716",
"2016 1 Bacau 793 662 780 711 659 711 615 743 642 682 721 911",
"2016 1 Bihor 625 621 642 613 637 570 548 542 512 651 591 696",
"2016 1 BistritaNasaud 286 278 321 252 260 266 254 254 231 277 267 305",
"2016 1 Botosani 508 517 486 482 505 436 406 440 433 543 481 549",
"2016 1 Brasov 519 523 547 496 480 457 467 480 475 550 483 609",
"2016 1 Braila 458 434 405 379 398 426 340 380 362 396 389 452",
"2016 1 Buzau 612 589 569 546 550 556 554 503 478 550 588 595",
"2016 1 CarasSeverin 395 314 339 327 370 281 282 315 334 350 289 398",
"2016 1 Calarasi 435 399 368 355 349 362 287 329 335 338 380 428",
"2016 1 Cluj 690 658 661 673 619 668 565 637 597 679 649 708",
"2016 1 Constanta 702 671 729 615 695 673 589 662 615 710 666 761",
"2016 1 Covasna 233 227 201 200 211 187 182 205 182 213 190 250",
"2016 1 Dambovita 549 536 535 498 526 493 457 484 461 585 512 670",
"2016 1 Dolj 893 798 829 755 822 791 683 657 691 840 770 851",
"2016 1 Galati 651 570 556 549 562 625 495 531 503 610 632 668",
"2016 1 Giurgiu 434 401 359 356 333 317 297 312 286 367 370 398",
"2016 1 Gorj 357 364 354 336 346 294 301 322 278 354 339 412",
"2016 1 Harghita 296 304 299 303 288 292 294 308 274 293 274 321",
"2016 1 Hunedoara 527 577 533 532 480 437 442 459 459 512 489 575",
"2016 1 Ialomita 362 341 336 342 284 333 302 306 260 313 335 361",
"2016 1 Iasi 813 793 774 734 697 759 624 621 653 727 758 783",
"2016 1 Ilfov 332 364 321 326 298 336 304 309 283 286 359 383",
"2016 1 Maramures 500 440 500 489 487 454 430 434 427 502 463 552",
"2016 1 Mehedinti 369 342 345 281 307 319 270 262 262 317 318 347",
"2016 1 Mures 682 596 609 584 578 588 540 512 553 565 563 695",
"2016 1 Neamt 631 522 564 551 554 570 505 497 485 526 573 722",
"2016 1 Olt 575 543 530 476 487 486 454 425 408 549 512 641",
"2016 1 Prahova 937 923 923 829 824 839 734 817 750 869 879 1080",
"2016 1 SatuMare 346 385 364 361 355 338 282 351 328 358 346 441",
"2016 1 Salaj 255 261 283 241 232 215 214 230 228 245 222 290",
"2016 1 Sibiu 451 352 394 437 373 372 347 333 360 411 355 468",
"2016 1 Suceava 715 680 681 640 632 621 579 624 561 660 605 691",
"2016 1 Teleorman 638 593 559 511 554 547 431 473 489 576 541 665",
"2016 1 Timis 658 591 580 545 530 536 491 629 546 688 866 893",
"2016 1 Tulcea 280 271 244 248 273 262 200 236 224 234 295 303",
"2016 1 Vaslui 519 452 476 503 465 457 405 415 382 448 462 559",
"2016 1 Valcea 424 317 355 265 289 333 292 238 303 328 331 403",
"2016 1 Vrancea 411 396 400 362 363 408 360 387 325 405 391 490",
"2016 1 Bucuresti 1960 1895 1860 1679 1801 1833 1808 1819 1685 1870 1811 1999",
