"2016 1 Alba 224 213 226 237 231 254 274 316 314 257 263 228",
"2016 1 Arad 311 266 288 251 329 327 352 440 394 371 318 349",
"2016 1 Arges 418 416 427 378 416 420 423 537 496 471 461 434",
"2016 1 Bacau 520 426 446 424 442 442 510 682 605 556 469 473",
"2016 1 Bihor 468 367 439 429 428 483 484 580 541 505 482 511",
"2016 1 BistritaNasaud 267 231 237 234 235 273 288 323 295 300 241 283",
"2016 1 Botosani 303 296 268 289 279 313 316 396 390 334 301 275",
"2016 1 Brasov 495 413 500 412 507 517 520 558 608 553 535 492",
"2016 1 Braila 213 175 205 161 194 170 208 253 234 231 219 183",
"2016 1 Buzau 296 293 297 245 258 268 307 378 372 307 292 322",
"2016 1 CarasSeverin 186 173 182 165 150 171 207 226 207 218 177 167",
"2016 1 Calarasi 206 187 182 184 209 236 223 329 266 251 245 217",
"2016 1 Cluj 570 459 538 496 572 558 628 679 621 578 583 547",
"2016 1 Constanta 584 535 568 554 560 604 596 730 655 595 616 568",
"2016 1 Covasna 174 149 165 179 179 177 172 208 211 228 167 175",
"2016 1 Dambovita 315 347 356 265 291 383 356 460 452 449 355 334",
"2016 1 Dolj 508 402 430 371 404 453 501 557 534 483 465 457",
"2016 1 Galati 397 306 389 312 364 335 438 526 466 398 384 344",
"2016 1 Giurgiu 184 173 197 183 167 156 175 237 198 214 185 198",
"2016 1 Gorj 238 182 202 182 212 197 260 280 294 237 241 204",
"2016 1 Harghita 287 223 261 239 254 244 280 292 282 239 260 288",
"2016 1 Hunedoara 282 222 258 238 278 281 298 333 328 292 293 295",
"2016 1 Ialomita 233 163 176 157 166 212 196 272 265 203 174 196",
"2016 1 Iasi 752 571 693 573 657 660 761 827 856 764 789 710",
"2016 1 Ilfov 371 370 379 308 347 391 374 445 506 473 392 374",
"2016 1 Maramures 327 299 338 296 364 366 400 565 419 412 382 395",
"2016 1 Mehedinti 184 172 149 149 165 181 195 236 203 215 190 193",
"2016 1 Mures 451 420 451 388 465 434 446 567 508 530 470 458",
"2016 1 Neamt 383 333 368 269 326 360 390 451 432 391 336 333",
"2016 1 Olt 238 230 244 200 232 279 268 325 280 284 298 258",
"2016 1 Prahova 535 461 446 465 471 524 512 681 625 624 530 464",
"2016 1 SatuMare 257 216 242 221 263 240 305 408 321 265 266 327",
"2016 1 Salaj 222 168 187 192 188 214 197 238 246 208 183 214",
"2016 1 Sibiu 350 342 364 316 334 354 395 416 395 387 343 343",
"2016 1 Suceava 623 486 550 527 566 656 729 911 770 696 551 575",
"2016 1 Teleorman 212 173 221 170 184 199 276 298 231 238 204 178",
"2016 1 Timis 579 521 547 478 513 577 600 717 623 686 592 601",
"2016 1 Tulcea 136 124 120 125 130 132 161 177 175 158 179 143",
"2016 1 Vaslui 331 275 284 254 266 267 338 402 420 394 356 327",
"2016 1 Valcea 253 184 218 184 239 203 236 266 238 221 220 181",
"2016 1 Vrancea 275 231 264 226 234 244 313 357 330 302 244 226",
"2016 1 Bucuresti 1553 1426 1517 1350 1423 1475 1465 1724 1726 1694 1581 1446",
