"2016 1 Alba 8829 9336 10201 10996 14219 15775 20486 24358 16796 12474 11310 10149",
"2016 1 Arad 12477 13748 15062 15820 17515 17730 20694 22356 18970 16784 15543 12318",
"2016 1 Arges 11029 12039 12673 13100 15841 18799 26575 31417 20951 17330 13991 12822",
"2016 1 Bacau 7362 7699 8983 10449 12048 12107 13706 15272 11811 11049 10933 9561",
"2016 1 Bihor 22823 23435 23861 27564 34173 37379 48887 57358 43261 35739 30809 25600",
"2016 1 BistritaNasaud 3918 4453 5175 5410 8355 10006 10752 14286 9683 7327 4765 4386",
"2016 1 Botosani 2805 2797 3165 3271 3784 4053 4376 3995 4182 3875 3738 3931",
"2016 1 Brasov 81591 79718 59301 69272 79765 93338 116693 139588 108308 91920 80706 101454",
"2016 1 Braila 3747 4622 5963 5899 5968 6165 7810 9044 7138 6645 5879 3933",
"2016 1 Buzau 3828 3893 4195 4445 5913 6428 8069 9356 7416 7526 5712 4616",
"2016 1 CarasSeverin 9049 9478 8595 12732 15925 18084 25009 29070 17604 13346 11003 9971",
"2016 1 Calarasi 1142 1138 1308 1249 1419 1823 2013 2387 1725 1680 1487 1205",
"2016 1 Cluj 23821 29998 35128 40033 47371 46363 53076 54617 47456 45701 38570 32014",
"2016 1 Constanta 12422 15187 16799 24091 37846 130042 356723 396442 115482 23166 19502 15256",
"2016 1 Covasna 4043 4395 4620 6736 8199 11100 11250 12823 10123 9965 7568 6400",
"2016 1 Dambovita 5382 5501 6447 7024 7934 9277 11459 10988 9644 8509 7803 6670",
"2016 1 Dolj 6866 7347 8171 8287 8390 8531 8274 8070 10155 7657 8880 6115",
"2016 1 Galati 4762 5436 6359 6292 7219 8189 7151 8015 8087 8259 8488 5691",
"2016 1 Giurgiu 1310 1531 2633 1824 1981 2256 3185 2530 2351 2109 2136 1483",
"2016 1 Gorj 5621 5545 4578 4974 5681 7234 11490 13616 7432 6275 4732 6449",
"2016 1 Harghita 12179 11707 9169 11158 18025 17199 21364 26699 16184 11836 10514 12240",
"2016 1 Hunedoara 7522 8727 9074 8890 11917 13435 17692 18321 14495 11824 11241 10098",
"2016 1 Ialomita 1356 1826 2399 3086 3548 4688 5895 5569 4519 3809 3453 1811",
"2016 1 Iasi 17064 18403 21788 23627 27142 26444 27620 27102 29068 32693 27639 19999",
"2016 1 Ilfov 9097 8953 10172 10313 12053 13624 13578 12702 13861 12957 11522 9261",
"2016 1 Maramures 10394 11382 10963 12511 16207 17410 22011 26306 17336 13402 12062 13876",
"2016 1 Mehedinti 5367 4463 5463 6105 7624 8492 11363 15062 10073 6835 5052 4531",
"2016 1 Mures 28488 32862 31767 40660 44756 43593 59237 69921 52235 43811 35754 31117",
"2016 1 Neamt 9023 8596 10021 15697 17434 22886 31289 39144 23649 17632 13505 11870",
"2016 1 Olt 2058 2658 3641 3315 3112 2858 2933 2770 2593 3639 3164 2322",
"2016 1 Prahova 35781 38029 30673 33806 41228 43420 50564 60889 49044 43622 39443 39316",
"2016 1 SatuMare 6913 6813 6730 6740 7038 7665 8088 8985 6546 6849 7123 5915",
"2016 1 Salaj 1739 2248 2485 2512 3344 3492 4085 4943 3746 3268 2807 2117",
"2016 1 Sibiu 23734 25805 25518 34769 41571 45877 59589 70200 53706 40525 37369 41069",
"2016 1 Suceava 19743 19323 17516 20223 26989 31016 39546 48490 35025 25677 19978 26330",
"2016 1 Teleorman 639 762 1097 923 1262 1038 1413 1351 912 887 834 747",
"2016 1 Timis 20570 24950 31167 29297 35172 34227 32576 31828 35744 36593 32468 28273",
"2016 1 Tulcea 1202 1596 1984 3256 7732 11534 11839 15817 10545 3654 1978 1977",
"2016 1 Vaslui 1761 2951 2868 3198 3657 3448 3648 4095 4372 4153 2843 2935",
"2016 1 Valcea 18651 19571 16236 20172 25018 28978 41863 49592 33159 26000 21158 19975",
"2016 1 Vrancea 2683 2722 2810 3131 4099 3975 4479 4766 2906 2893 2911 3087",
"2016 1 Bucuresti 112482 129012 149088 152709 186999 174558 163250 161193 192918 190865 173308 140537",
