"2016 1 Alba 47767 57887 60520 61974 65397 62505 68946 66042 85578 90091 96713 113033",
"2016 1 Arad 209918 254330 270416 246893 252250 259097 227792 229090 264527 250415 248779 211745",
"2016 1 Arges 320133 357075 392423 380415 396492 350279 351754 234356 385076 413516 377730 327035",
"2016 1 Bacau 39888 54368 67925 61393 62584 62489 58275 58445 64606 59670 56554 49244",
"2016 1 Bihor 143186 152731 155104 154175 158608 158189 163775 134604 156936 156252 158055 122241",
"2016 1 BistritaNasaud 49925 57841 60586 53592 57819 60334 51372 49431 63145 62458 59876 48590",
"2016 1 Botosani 15161 18883 22263 21584 23129 21726 21467 15429 21056 23957 24304 19359",
"2016 1 Brasov 191629 225175 248061 233529 228432 235650 229654 211903 237802 254290 256420 220386",
"2016 1 Braila 9165 12422 17137 16158 17144 18020 16867 14256 14944 13514 12121 11383",
"2016 1 Buzau 28855 32355 35944 37355 36857 42471 51136 31314 28576 28664 32181 28305",
"2016 1 CarasSeverin 16577 17317 18793 18083 20429 21290 16507 22040 22799 24508 23926 16598",
"2016 1 Calarasi 15262 18215 23337 17814 22912 19874 20743 24434 17072 20409 20827 20710",
"2016 1 Cluj 135340 163757 185474 172526 173184 178915 166875 175759 195429 197446 192639 171041",
"2016 1 Constanta 109360 154022 197679 175492 217029 198562 196620 304129 148078 135296 208825 220438",
"2016 1 Covasna 17612 24067 24871 27590 22812 27278 24449 22645 27008 28086 26056 26770",
"2016 1 Dambovita 33010 43301 50550 44139 48411 48912 48885 49860 50746 50458 46453 40416",
"2016 1 Dolj 71934 89464 92831 81426 79742 69467 61334 65940 80374 67277 70289 58559",
"2016 1 Galati 48682 60411 86202 61554 61735 68409 64713 68167 74782 87465 75346 88870",
"2016 1 Giurgiu 6778 8642 13546 12121 15523 14589 12018 9269 12776 11037 11634 12770",
"2016 1 Gorj 2795 3217 3098 4280 4095 3864 3592 3204 4709 4352 4759 3850",
"2016 1 Harghita 23953 31349 34012 33157 39146 34792 30236 29709 34807 36935 37163 27664",
"2016 1 Hunedoara 46326 58777 62438 52293 48601 50282 47063 43153 48792 55049 57180 47510",
"2016 1 Ialomita 9493 14012 16585 15542 17971 19620 17878 15449 16791 12525 19629 17101",
"2016 1 Iasi 48188 66467 69863 70082 63898 61581 58580 70771 65210 71528 73140 66505",
"2016 1 Ilfov 340309 437397 527533 473186 465210 475591 451396 460833 497968 531637 525412 456583",
"2016 1 Maramures 60372 74481 78372 76773 78692 77382 75090 72701 83971 84023 81874 70882",
"2016 1 Mehedinti 6069 7362 7371 7648 9071 7372 7519 5713 8622 8768 9402 7035",
"2016 1 Mures 84948 99060 91171 104839 101592 95713 98040 90342 99777 124261 117231 114905",
"2016 1 Neamt 25562 33761 31766 32816 33352 33185 31991 27608 32561 33503 31921 28267",
"2016 1 Olt 48992 57959 59673 47806 52804 53268 56424 55014 59180 54734 51704 46036",
"2016 1 Prahova 190565 222000 242042 244470 243633 265887 239300 238995 255545 256160 267299 262848",
"2016 1 SatuMare 66847 82737 85022 84694 78502 80442 76689 84021 90288 90286 85160 66844",
"2016 1 Salaj 19772 22818 23662 23976 20864 21255 17733 21412 28028 24038 24588 23073",
"2016 1 Sibiu 150341 175896 178261 171633 173650 180328 163830 159477 186036 181555 191441 151345",
"2016 1 Suceava 39066 51884 52695 50298 47601 47111 46861 45896 47949 49611 44030 45203",
"2016 1 Teleorman 10685 13615 14674 13038 11411 14280 12215 13429 15093 13671 13742 12575",
"2016 1 Timis 365605 398309 427781 421027 417317 427601 420015 398759 462754 462192 473771 399754",
"2016 1 Tulcea 11619 15213 17326 20962 22748 22342 18528 13593 18221 16530 14849 17421",
"2016 1 Vaslui 9981 9505 11562 11578 13194 13505 10322 8680 11472 10425 10073 9037",
"2016 1 Valcea 16653 21585 24646 23498 24954 21866 21786 18800 26305 23772 23351 25130",
"2016 1 Vrancea 12797 19401 23183 23971 23882 24247 22845 21839 22129 24962 21050 18572",
"2016 1 Bucuresti 1362776 1665162 1756254 1627526 1669249 1654090 1635556 1743164 1903332 1876742 1967589 1735378",
