"2016 1 Alba 82110 76063 96808 87551 91599 111128 109819 108745 145791 134473 151114 126852",
"2016 1 Arad 255447 279973 303773 292941 273783 288997 257969 242231 301509 284028 306355 217652",
"2016 1 Arges 435612 476147 545232 528482 526704 533762 454204 289198 508830 527505 526505 437148",
"2016 1 Bacau 37955 39592 42992 43668 43145 45443 44583 34781 45145 38017 43646 31488",
"2016 1 Bihor 151169 151020 156177 141238 144077 150207 149741 136603 166024 147995 157996 127421",
"2016 1 BistritaNasaud 54948 63701 67490 73175 62701 70251 69848 59162 70408 71258 75555 53082",
"2016 1 Botosani 25523 28714 27247 24572 24252 26255 27503 18731 27702 24422 25990 23053",
"2016 1 Brasov 219432 249453 263164 253648 240392 251769 228703 218254 270152 251083 274483 185949",
"2016 1 Braila 11246 12083 12193 24516 11759 12404 12392 27428 10980 19037 9973 27593",
"2016 1 Buzau 33142 40041 42187 44986 43351 45744 45514 60484 62443 61289 57444 48462",
"2016 1 CarasSeverin 28558 28373 28969 29345 27621 28294 22512 28956 30250 32409 31656 19673",
"2016 1 Calarasi 26714 34644 32532 24114 25234 34386 60603 32942 33420 21719 37832 25262",
"2016 1 Cluj 90350 100836 107874 103240 98092 104769 101957 101014 122136 122942 131492 103533",
"2016 1 Constanta 91682 209475 111364 151278 231956 152416 112673 258458 107118 182849 201173 147407",
"2016 1 Covasna 24181 28299 26763 24677 23872 26753 28272 26037 24825 24409 26400 20057",
"2016 1 Dambovita 42243 49493 57130 54768 55272 60329 51165 53576 54445 51859 52963 41034",
"2016 1 Dolj 90913 152676 102462 91299 83232 91307 85358 65120 112694 65196 79204 58956",
"2016 1 Galati 47990 97484 53698 52781 60166 93981 94345 58590 63898 71862 72768 71679",
"2016 1 Giurgiu 3350 5572 4441 10545 5633 5168 4558 3505 10139 4886 6091 4269",
"2016 1 Gorj 3137 3546 4550 3349 2663 5013 4496 4710 5579 4559 4834 3675",
"2016 1 Harghita 22841 23738 26811 24958 25633 25556 23648 22910 28579 28237 26452 20743",
"2016 1 Hunedoara 58700 71198 80927 69869 66491 64583 60095 49603 75229 65441 71752 48143",
"2016 1 Ialomita 12374 13323 15032 17750 14129 13041 16572 15174 15065 15491 23146 16669",
"2016 1 Iasi 57561 67477 79233 69878 73574 76911 62271 61609 66998 62662 76367 59685",
"2016 1 Ilfov 174746 209474 213304 201209 174662 171341 218143 183155 211695 210898 202827 191685",
"2016 1 Maramures 89349 95767 106028 94554 97448 102209 104595 105560 111329 108618 115902 85098",
"2016 1 Mehedinti 6850 12746 12005 8263 11467 8512 12187 6538 10303 11473 11355 6029",
"2016 1 Mures 77750 80716 85443 84128 85800 88149 78681 72136 81414 88720 78375 66085",
"2016 1 Neamt 29143 34444 37169 34913 33173 38361 34808 26207 35891 32985 33336 24789",
"2016 1 Olt 92365 107161 111369 108106 107371 108660 101575 97067 104554 109926 112711 85323",
"2016 1 Prahova 144676 171881 208294 160809 167143 180482 151246 151705 171429 166131 190479 183865",
"2016 1 SatuMare 72944 77359 79178 76217 77587 79739 72432 75575 83916 80955 85149 63431",
"2016 1 Salaj 44247 31487 32855 32392 33261 35461 27607 31806 43417 41486 41393 37230",
"2016 1 Sibiu 213539 223712 238075 228874 216595 230422 216031 204583 244455 235252 252696 183834",
"2016 1 Suceava 30779 33655 38588 34152 35859 37302 36531 32819 42879 36608 39148 31918",
"2016 1 Teleorman 14320 13037 13852 12102 11465 14355 12278 7826 11474 11002 12315 9614",
"2016 1 Timis 417952 486404 519885 478099 469353 513238 495171 472416 550441 523575 565562 415368",
"2016 1 Tulcea 9453 8826 13512 46582 7609 39562 42616 13200 42257 18568 15978 29684",
"2016 1 Vaslui 13387 16156 13999 13220 13058 15602 15505 12790 14154 13613 14307 10586",
"2016 1 Valcea 29446 32149 33304 31616 34696 37113 31480 29351 34626 33376 35844 29218",
"2016 1 Vrancea 18726 21617 17919 18607 18175 21441 25606 23509 26589 20008 24061 21341",
"2016 1 Bucuresti 635947 750539 770153 727758 744608 802784 906959 795726 949897 928042 907861 811858",
