"2016 1 Alba 64 78 85 51 232 229 355 316 328 238 86 101",
"2016 1 Arad 141 154 172 133 319 316 405 507 399 310 142 126",
"2016 1 Arges 113 100 123 99 327 473 643 592 587 416 156 101",
"2016 1 Bacau 129 179 154 89 329 327 617 1054 533 328 171 199",
"2016 1 Bihor 126 138 149 148 455 401 541 495 507 393 177 102",
"2016 1 BistritaNasaud 94 89 87 43 204 186 355 364 280 221 84 47",
"2016 1 Botosani 87 94 73 54 199 171 390 485 345 200 102 135",
"2016 1 Brasov 132 159 214 156 337 414 582 646 509 386 171 158",
"2016 1 Braila 55 73 77 58 122 152 225 274 281 223 85 67",
"2016 1 Buzau 81 99 89 60 157 236 364 355 329 277 111 79",
"2016 1 CarasSeverin 95 82 90 84 176 154 250 303 262 180 82 137",
"2016 1 Calarasi 41 64 83 42 147 170 227 233 227 208 98 56",
"2016 1 Cluj 157 189 243 211 667 577 840 697 658 507 194 151",
"2016 1 Constanta 175 235 208 199 394 443 600 735 696 566 257 259",
"2016 1 Covasna 47 36 44 72 126 102 147 160 147 92 54 57",
"2016 1 Dambovita 91 84 102 99 270 291 472 533 430 269 116 89",
"2016 1 Dolj 126 119 139 179 318 361 523 643 649 440 147 125",
"2016 1 Galati 130 122 148 109 276 320 499 737 540 361 218 207",
"2016 1 Giurgiu 39 59 56 51 156 168 231 245 224 174 72 44",
"2016 1 Gorj 119 94 81 78 205 191 345 394 331 220 88 77",
"2016 1 Harghita 53 59 76 109 160 149 228 237 170 120 72 66",
"2016 1 Hunedoara 94 114 118 88 228 261 407 320 372 274 133 123",
"2016 1 Ialomita 44 74 80 50 137 125 132 207 238 218 69 54",
"2016 1 Iasi 240 256 251 178 607 510 928 1096 784 536 262 276",
"2016 1 Ilfov 78 144 127 132 270 419 444 461 460 311 146 83",
"2016 1 Maramures 184 133 120 79 344 258 515 734 385 249 121 116",
"2016 1 Mehedinti 62 85 84 84 129 145 228 300 217 202 88 79",
"2016 1 Mures 99 129 153 133 356 323 482 483 394 293 128 113",
"2016 1 Neamt 129 92 86 64 256 257 529 811 386 211 101 95",
"2016 1 Olt 65 74 80 67 217 229 386 359 367 251 104 65",
"2016 1 Prahova 147 164 169 131 365 505 773 697 677 530 199 141",
"2016 1 SatuMare 100 77 85 92 218 169 303 548 240 179 79 140",
"2016 1 Salaj 50 70 65 50 162 121 227 233 180 150 51 34",
"2016 1 Sibiu 140 135 151 78 256 269 451 443 407 315 110 138",
"2016 1 Suceava 260 200 191 114 488 394 937 1038 649 470 212 227",
"2016 1 Teleorman 56 57 63 60 187 164 250 321 267 210 68 55",
"2016 1 Timis 211 239 290 302 414 515 574 512 549 525 554 845",
"2016 1 Tulcea 35 41 38 42 84 111 150 246 193 143 55 51",
"2016 1 Vaslui 127 118 111 133 264 196 375 533 338 243 135 206",
"2016 1 Valcea 58 68 43 48 124 81 197 251 211 171 51 41",
"2016 1 Vrancea 70 73 55 64 144 160 283 567 261 195 88 94",
"2016 1 Bucuresti 388 1035 1272 678 1681 2582 2023 2035 2053 1608 1039 771",
