"2016 1 Alba 84473 84995 85485 85702 85890 86158 86506 86670 86832 86971 87005 86683",
"2016 1 Arad 129258 130092 130877 131211 131499 131909 132443 132695 132943 133156 133209 132715",
"2016 1 Arges 142007 142888 143716 144078 144392 144838 145419 145693 145964 146195 146252 145715",
"2016 1 Bacau 106834 107528 108181 108453 108688 109023 109459 109665 109868 110042 110084 109681",
"2016 1 Bihor 163041 164197 165292 165706 166063 166572 167235 167548 167856 168120 168185 167573",
"2016 1 BistritaNasaud 66321 66752 67158 67328 67475 67685 67957 68086 68212 68321 68347 68096",
"2016 1 Botosani 53155 53520 53864 54001 54120 54289 54509 54613 54716 54803 54825 54622",
"2016 1 Brasov 171280 172255 173166 173604 173983 174523 175226 175557 175884 176163 176232 175583",
"2016 1 Braila 66105 66514 66898 67067 67213 67421 67691 67819 67945 68053 68079 67829",
"2016 1 Buzau 82476 82958 83409 83618 83798 84055 84390 84548 84704 84837 84870 84561",
"2016 1 CarasSeverin 54974 55279 55563 55703 55824 55997 56221 56327 56432 56521 56543 56336",
"2016 1 Calarasi 44108 44332 44539 44651 44748 44886 45066 45151 45235 45306 45324 45158",
"2016 1 Cluj 223562 225185 226723 227288 227776 228471 229376 229802 230223 230584 230672 229837",
"2016 1 Constanta 176838 177851 178798 179244 179630 180180 180896 181233 181566 181851 181921 181260",
"2016 1 Covasna 47783 48056 48310 48434 48541 48683 48891 48984 49076 49155 49174 48991",
"2016 1 Dambovita 75655 76128 76571 76765 76933 77172 77484 77630 77775 77899 77930 77642",
"2016 1 Dolj 125620 126454 127242 127560 127834 128225 128734 128974 129211 129414 129464 128994",
"2016 1 Galati 112694 113314 113891 114177 114425 114777 115236 115452 115665 115848 115893 115469",
"2016 1 Giurgiu 33490 33739 33975 34060 34133 34237 34373 34437 34500 34554 34568 34442",
"2016 1 Gorj 71663 72058 72426 72610 72769 72995 73290 73429 73566 73684 73713 73440",
"2016 1 Harghita 64678 65116 65530 65694 65836 66037 66300 66423 66545 66650 66676 66433",
"2016 1 Hunedoara 113177 113828 114435 114728 114981 112827 113286 113502 113715 113898 113943 113519",
"2016 1 Ialomita 43594 43851 44092 44203 44300 44437 44615 44699 44782 44853 44870 44706",
"2016 1 Iasi 152796 153672 154490 154882 155221 155704 156332 156629 156921 157171 157233 156652",
"2016 1 Ilfov 127510 129117 130675 130999 131279 131678 132198 132443 132684 132891 132942 132463",
"2016 1 Maramures 101809 102470 103093 103353 103578 104444 104864 105062 105258 105425 105466 105078",
"2016 1 Mehedinti 42343 42553 42747 42856 42951 43086 43261 43344 43425 43495 43512 43350",
"2016 1 Mures 128697 129414 130082 130410 130694 131099 131626 131874 132119 132329 132381 131894",
"2016 1 Neamt 80833 81359 81854 82060 82239 82492 82823 82979 83132 83264 83296 82991",
"2016 1 Olt 65848 66240 66606 66775 66921 67129 67400 67528 67654 67762 67788 67538",
"2016 1 Prahova 172558 173620 174617 175060 175443 175988 176697 177032 177362 177645 177714 177059",
"2016 1 SatuMare 78457 78960 79434 79636 79810 80058 80382 80534 80684 80813 80845 80546",
"2016 1 Salaj 46069 46359 46632 46749 46851 46996 47185 47274 47362 47437 47455 47281",
"2016 1 Sibiu 125624 126408 127143 127468 127750 128151 128674 128920 129163 129371 129422 128940",
"2016 1 Suceava 100283 100955 101588 101841 102061 102373 102779 102971 103160 103322 103361 102986",
"2016 1 Teleorman 53353 53659 53945 54081 54198 54365 54583 54686 54787 54874 54895 54694",
"2016 1 Timis 231499 233086 234584 235178 235692 236424 237377 237826 238269 238648 238742 237862",
"2016 1 Tulcea 44045 44276 44490 44602 44698 44835 45014 45098 45181 45252 45270 45105",
"2016 1 Vaslui 53341 53653 53944 54081 54199 54367 54586 54689 54791 54878 54900 54698",
"2016 1 Valcea 75460 75943 76398 76591 76758 76995 77304 77450 77593 77717 77747 77461",
"2016 1 Vrancea 55907 56243 56558 56699 56821 56995 57221 57328 57433 57523 57545 57336",
"2016 1 Bucuresti 911434 917872 923968 926294 928299 931171 934900 936656 938391 939876 940240 936800",
