"2016 1 Alba 14 41 42 46 51 64 57 83 67 53 43 44",
"2016 1 Arad 34 63 78 96 78 108 63 105 83 63 143 56",
"2016 1 Arges 52 78 132 139 130 118 127 138 123 125 91 65",
"2016 1 Bacau 40 54 92 78 97 152 81 100 111 89 78 73",
"2016 1 Bihor 27 75 95 116 98 90 99 95 120 110 92 67",
"2016 1 BistritaNasaud 23 43 82 55 61 58 46 80 79 53 39 38",
"2016 1 Botosani 29 23 59 112 31 21 20 26 84 26 34 18",
"2016 1 Brasov 21 14 48 38 67 35 61 37 46 38 23 51",
"2016 1 Braila 20 9 34 31 26 43 34 61 31 55 28 43",
"2016 1 Buzau 12 20 37 30 35 44 50 39 39 37 22 31",
"2016 1 CarasSeverin 8 12 17 18 30 19 35 16 29 8 10 11",
"2016 1 Calarasi 18 32 35 38 54 45 52 47 57 26 39 14",
"2016 1 Cluj 78 93 147 161 189 301 321 361 226 207 97 140",
"2016 1 Constanta 71 114 134 155 192 148 105 117 134 119 96 112",
"2016 1 Covasna 5 10 19 22 26 17 15 21 39 9 28 10",
"2016 1 Dambovita 48 83 104 120 100 129 108 131 115 90 83 85",
"2016 1 Dolj 43 65 66 71 100 61 50 112 94 70 78 78",
"2016 1 Galati 28 86 81 114 81 93 83 108 102 89 96 88",
"2016 1 Giurgiu 14 40 46 54 57 62 57 64 51 40 48 54",
"2016 1 Gorj 22 30 46 38 42 35 52 53 54 33 37 31",
"2016 1 Harghita 11 9 23 35 55 23 35 46 33 33 9 19",
"2016 1 Hunedoara 12 16 25 24 23 41 29 35 37 30 18 22",
"2016 1 Ialomita 19 36 64 56 43 54 74 64 61 54 63 42",
"2016 1 Iasi 117 177 191 245 201 228 182 200 199 187 137 145",
"2016 1 Ilfov 113 400 393 383 463 329 399 333 685 658 264 268",
"2016 1 Maramures 32 71 108 175 84 88 87 129 109 92 71 87",
"2016 1 Mehedinti 12 15 33 27 32 37 32 38 33 12 14 15",
"2016 1 Mures 21 36 60 80 54 94 78 66 104 66 47 55",
"2016 1 Neamt 30 47 68 87 82 72 79 105 95 68 47 49",
"2016 1 Olt 25 26 61 68 58 46 58 79 54 54 44 32",
"2016 1 Prahova 47 91 136 135 124 93 103 130 108 86 87 75",
"2016 1 SatuMare 24 34 56 63 56 57 39 50 66 51 53 55",
"2016 1 Salaj 12 27 38 43 39 37 52 29 35 25 20 18",
"2016 1 Sibiu 36 69 60 81 68 95 78 69 66 60 44 29",
"2016 1 Suceava 89 130 171 180 213 249 179 235 194 154 179 173",
"2016 1 Teleorman 5 10 12 9 9 24 35 36 25 20 29 15",
"2016 1 Timis 79 181 216 288 271 254 255 244 223 200 177 147",
"2016 1 Tulcea 9 13 18 9 10 10 16 27 14 16 9 14",
"2016 1 Vaslui 23 33 41 34 40 63 52 59 49 52 40 33",
"2016 1 Valcea 17 29 22 34 27 52 39 41 46 40 34 33",
"2016 1 Vrancea 35 45 79 100 98 82 61 63 73 58 28 36",
"2016 1 Bucuresti 54 29 70 52 112 52 91 98 68 59 53 48",
