"2016 1 Alba 18065 17659 17234 19249 24768 28866 38871 45868 30365 23011 21411 21357",
"2016 1 Arad 18060 22017 26715 28914 37326 34750 42549 44335 38173 33597 32633 20918",
"2016 1 Arges 18571 20203 20028 19653 25145 31392 44979 53836 35058 30112 22742 22205",
"2016 1 Bacau 15525 17265 20357 25424 32878 31529 39374 43359 31721 27749 27079 19440",
"2016 1 Bihor 55043 57778 58479 80340 120268 143813 185407 210698 166701 132077 105903 69979",
"2016 1 BistritaNasaud 6818 8160 9249 9663 16095 20078 25547 32222 20425 14184 9118 6819",
"2016 1 Botosani 4347 4373 5458 5690 6281 7015 8240 7762 8026 6731 6460 7407",
"2016 1 Brasov 181397 169349 114548 129211 146006 170313 236444 293785 202795 170678 149406 221705",
"2016 1 Braila 6072 11014 11630 15783 20152 22730 28065 30481 25324 22835 21177 9919",
"2016 1 Buzau 7706 8195 10780 10013 13690 14945 20522 25023 19523 20069 14757 9818",
"2016 1 CarasSeverin 27437 26232 22152 40591 62942 72079 98142 109366 82177 59535 53186 31236",
"2016 1 Calarasi 1953 1813 2109 2844 2529 3154 3956 5837 3266 3570 3186 2157",
"2016 1 Cluj 47236 60184 66897 76162 87722 91924 106070 107231 88376 88492 76579 57162",
"2016 1 Constanta 39920 49446 48705 64277 122525 462149 1455481 1668705 440934 82616 66449 40644",
"2016 1 Covasna 9968 13420 19471 33198 50253 54457 70380 76294 62708 62145 47462 20722",
"2016 1 Dambovita 11828 15048 17687 18672 17511 23938 28383 31308 25766 25548 21302 14296",
"2016 1 Dolj 11918 12940 14993 14765 14581 15867 14351 15197 17281 13502 15957 12803",
"2016 1 Galati 8344 8998 11480 10779 13687 15384 11920 13481 13627 13191 13725 11248",
"2016 1 Giurgiu 2395 3054 4381 3596 4449 4456 5252 4945 4303 4145 3901 2753",
"2016 1 Gorj 10705 10234 7050 8029 9808 10785 22507 25304 13468 10956 7970 12030",
"2016 1 Harghita 27934 28557 18650 23667 45469 46631 59119 74185 43571 32800 26915 29205",
"2016 1 Hunedoara 13241 19746 21000 22042 26801 30206 39684 40611 34318 29976 25850 18963",
"2016 1 Ialomita 2176 3615 3214 9740 15811 22597 32507 37325 21940 18609 12310 4172",
"2016 1 Iasi 27774 32962 40251 44338 51767 48978 52999 47035 53867 58362 50259 36217",
"2016 1 Ilfov 12019 13083 15188 16160 19872 19706 20138 19184 20684 19707 17043 13139",
"2016 1 Maramures 18678 20053 19018 23374 28010 31954 40322 47356 30510 22603 19694 28230",
"2016 1 Mehedinti 8252 9011 12008 12827 15600 18504 27339 33146 22097 16418 14241 10281",
"2016 1 Mures 57344 64077 57300 76192 86942 88793 131481 147278 102413 86745 71110 61178",
"2016 1 Neamt 14238 14021 17163 25910 32157 47636 69266 80449 43301 31152 24132 22582",
"2016 1 Olt 4598 5766 6514 6090 5748 6495 6042 6426 5924 6943 7026 5192",
"2016 1 Prahova 79802 79909 58127 69814 86260 94508 115139 141131 108161 92907 81912 91496",
"2016 1 SatuMare 11079 10573 11084 10903 10928 11209 11680 12484 9330 9715 10161 8463",
"2016 1 Salaj 3098 4915 6314 6696 7390 7261 8551 11573 8709 7651 7141 4837",
"2016 1 Sibiu 42030 41906 38763 55642 65631 76028 105384 115093 89235 68588 58367 67415",
"2016 1 Suceava 37606 35435 29748 38042 64191 71936 94148 113875 78986 65020 47581 56847",
"2016 1 Teleorman 880 1025 1404 1561 1662 1425 1963 2440 1286 1552 1787 1037",
"2016 1 Timis 50882 58162 74121 67627 83460 78822 84882 78098 87023 86549 77351 58917",
"2016 1 Tulcea 1684 2428 2711 4677 13946 24381 24542 40050 22957 6562 2921 2939",
"2016 1 Vaslui 2477 4001 4220 4638 4808 4755 5837 6485 6061 5833 3978 3820",
"2016 1 Valcea 36123 47500 40970 72906 103659 130306 177425 192586 141023 120138 94009 50641",
"2016 1 Vrancea 4404 4385 5811 5692 6620 6676 10642 9240 5009 4912 5011 4725",
"2016 1 Bucuresti 185587 209212 243526 256148 302614 284761 272044 269805 314162 308559 272237 231315",
