"2016 1 Alba 2342 2409 2488 2488 2501 2539 2550 2565 2602 2651 2720 2956",
"2016 1 Arad 2358 2391 2462 2499 2558 2638 2613 2571 2648 2691 2767 2942",
"2016 1 Arges 2449 2476 2488 3064 2757 2634 2828 2655 2665 2681 2680 3003",
"2016 1 Bacau 2228 2237 2341 2331 2361 2435 2442 2505 2571 2496 2585 2889",
"2016 1 Bihor 2057 2024 2087 2100 2194 2204 2218 2234 2258 2284 2341 2441",
"2016 1 BistritaNasaud 2038 1996 2073 2069 2190 2129 2221 2170 2137 2156 2254 2283",
"2016 1 Botosani 2074 2062 2101 2138 2145 2142 2123 2178 2190 2239 2244 2436",
"2016 1 Brasov 2520 2522 2648 2729 2673 2803 2698 2716 2758 2805 2959 3153",
"2016 1 Braila 1954 1955 2016 2047 2107 2151 2143 2135 2142 2190 2269 2480",
"2016 1 Buzau 2190 2189 2220 2263 2346 2349 2356 2412 2377 2386 2406 2595",
"2016 1 CarasSeverin 1964 1992 2023 2080 2128 2176 2118 2187 2285 2307 2386 2403",
"2016 1 Calarasi 2154 2153 2226 2276 2307 2377 2356 2341 2419 2451 2478 2567",
"2016 1 Cluj 2959 2920 3081 3111 3170 3130 3248 3249 3222 3240 3386 3567",
"2016 1 Constanta 2504 2473 2557 2675 2598 2619 2652 2646 2662 2700 2737 3037",
"2016 1 Covasna 1959 1965 2121 2002 2098 2137 2126 2257 2169 2195 2216 2487",
"2016 1 Dambovita 2231 2166 2313 2245 2317 2324 2348 2398 2423 2444 2422 2551",
"2016 1 Dolj 2396 2441 2412 2461 2479 2481 2551 2530 2533 2600 2633 2807",
"2016 1 Galati 2418 2415 2490 2562 2583 2586 2582 2662 2657 2675 2711 2995",
"2016 1 Giurgiu 2228 2208 2258 2253 2369 2304 2268 2304 2341 2377 2389 2684",
"2016 1 Gorj 2588 2528 2523 2671 2575 2596 2670 2723 2637 2762 2807 2909",
"2016 1 Harghita 1897 1871 1934 1916 2038 2047 2066 2104 2134 2126 2164 2320",
"2016 1 Hunedoara 2172 2182 2205 2249 2226 2244 2229 2266 2328 2321 2375 2534",
"2016 1 Ialomita 1997 2000 2061 2133 2132 2169 2103 2149 2193 2200 2307 2378",
"2016 1 Iasi 2561 2546 2608 2625 2660 2690 2664 2666 2725 2790 2800 3024",
"2016 1 Ilfov 3043 3023 3216 3211 3211 3188 3290 3228 3243 3288 3409 3800",
"2016 1 Maramures 1998 2003 2048 2055 2096 2127 2131 2198 2218 2243 2350 2442",
"2016 1 Mehedinti 2251 2257 2288 2305 2358 2342 2296 2376 2366 2395 2425 2601",
"2016 1 Mures 2363 2350 2427 2624 2538 2605 2515 2545 2554 2568 2599 2991",
"2016 1 Neamt 1922 1960 1988 2032 2087 2144 2121 2117 2150 2182 2199 2371",
"2016 1 Olt 2227 2195 2280 2379 2349 2398 2356 2460 2406 2399 2555 2739",
"2016 1 Prahova 2472 2512 2656 2629 2656 2647 2628 2689 2707 2684 2754 2984",
"2016 1 SatuMare 2062 2121 2201 2118 2174 2168 2162 2192 2212 2285 2298 2404",
"2016 1 Salaj 2012 2038 2068 2113 2135 2152 2191 2192 2185 2365 2324 2397",
"2016 1 Sibiu 2777 2721 2870 3082 3019 2918 2966 2970 2978 2945 3097 3305",
"2016 1 Suceava 1915 1912 1973 2021 2144 2091 2052 2084 2116 2155 2135 2311",
"2016 1 Teleorman 1998 1985 2032 2026 2050 2075 2079 2126 2096 2159 2169 2261",
"2016 1 Timis 2765 2788 2949 3058 2984 3087 3043 2980 3020 3078 3435 3458",
"2016 1 Tulcea 2160 2136 2206 2307 2309 2315 2351 2384 2332 2383 2435 2686",
"2016 1 Vaslui 2030 2012 2056 2055 2133 2118 2145 2146 2266 2250 2267 2391",
"2016 1 Valcea 2089 2060 2105 2175 2174 2206 2186 2237 2260 2282 2289 2446",
"2016 1 Vrancea 1972 1970 2002 1987 2144 2155 2152 2190 2204 2184 2184 2365",
"2016 1 Bucuresti 3695 3732 4038 4023 3902 3944 3909 3875 3915 3898 4005 4443",
