"2017 1 Alba 507 394 348 364 334 318 390 324 327 367 335 368",
"2017 1 Arad 714 587 535 464 464 445 471 528 463 481 524 595",
"2017 1 Arges 889 668 630 641 586 593 580 609 546 617 667 637",
"2017 1 Bacau 1004 704 772 692 672 653 666 655 585 688 734 816",
"2017 1 Bihor 797 666 638 589 592 581 553 593 520 621 600 647",
"2017 1 BistritaNasaud 394 317 339 243 289 316 266 271 249 260 267 329",
"2017 1 Botosani 647 544 522 457 479 467 402 456 369 480 485 560",
"2017 1 Brasov 696 521 585 508 488 494 454 538 461 542 505 537",
"2017 1 Braila 588 402 420 369 363 359 361 368 306 419 420 389",
"2017 1 Buzau 785 576 626 559 554 510 518 491 465 570 509 561",
"2017 1 CarasSeverin 443 351 385 361 372 313 301 336 312 339 384 391",
"2017 1 Calarasi 477 375 355 342 373 349 330 346 307 417 358 398",
"2017 1 Cluj 834 767 715 632 615 612 611 649 582 725 650 694",
"2017 1 Constanta 850 667 704 635 709 654 604 712 641 700 657 713",
"2017 1 Covasna 270 261 230 199 198 197 199 201 200 212 213 236",
"2017 1 Dambovita 769 575 571 541 506 497 495 471 429 516 544 585",
"2017 1 Dolj 1045 852 808 788 794 756 737 708 626 778 805 856",
"2017 1 Galati 847 527 617 581 555 526 590 556 470 632 632 707",
"2017 1 Giurgiu 464 417 388 334 341 300 320 322 301 344 386 403",
"2017 1 Gorj 504 368 325 339 345 289 312 296 263 315 310 340",
"2017 1 Harghita 361 352 327 252 306 281 256 291 273 275 298 313",
"2017 1 Hunedoara 652 512 540 427 481 428 428 473 438 464 461 510",
"2017 1 Ialomita 427 351 315 319 330 292 273 292 305 316 309 334",
"2017 1 Iasi 1017 784 788 731 728 636 693 686 603 794 751 821",
"2017 1 Ilfov 467 325 317 324 298 339 349 339 304 301 309 340",
"2017 1 Maramures 648 537 479 451 463 392 422 453 391 477 493 451",
"2017 1 Mehedinti 409 357 319 309 287 320 290 342 262 240 303 333",
"2017 1 Mures 754 688 593 510 580 540 501 539 509 576 539 638",
"2017 1 Neamt 803 572 597 561 563 533 461 490 552 551 559 609",
"2017 1 Olt 664 541 605 557 536 465 450 527 441 551 563 549",
"2017 1 Prahova 1133 887 903 864 784 775 778 824 777 891 805 895",
"2017 1 SatuMare 529 409 405 339 343 298 324 369 308 349 391 354",
"2017 1 Salaj 360 312 247 242 250 240 220 225 216 226 243 265",
"2017 1 Sibiu 503 412 357 343 394 373 326 341 354 423 355 406",
"2017 1 Suceava 863 652 621 619 619 608 563 589 580 692 671 656",
"2017 1 Teleorman 733 560 574 546 512 490 468 449 482 527 516 616",
"2017 1 Timis 585 678 660 594 496 529 452 625 539 891 955 827",
"2017 1 Tulcea 341 259 246 249 244 216 254 226 206 229 260 286",
"2017 1 Vaslui 653 489 488 460 446 391 399 426 354 492 499 555",
"2017 1 Valcea 408 361 297 333 318 324 285 298 306 305 272 302",
"2017 1 Vrancea 606 386 429 403 405 375 357 390 356 417 384 455",
"2017 1 Bucuresti 2360 1746 1851 1758 1712 1672 1860 1831 1660 1963 1794 1869",
