"2017 1 Alba 30 32 67 43 63 82 71 44 73 67 37 42",
"2017 1 Arad 31 30 47 47 79 64 100 103 94 181 88 80",
"2017 1 Arges 55 65 114 136 158 139 135 159 160 118 108 87",
"2017 1 Bacau 37 76 102 66 117 127 106 117 103 91 82 54",
"2017 1 Bihor 44 58 129 139 167 147 122 100 181 186 109 56",
"2017 1 BistritaNasaud 41 33 79 53 85 73 70 86 64 53 46 42",
"2017 1 Botosani 21 31 83 66 55 72 49 45 30 35 38 45",
"2017 1 Brasov 35 52 65 69 99 98 60 64 73 102 66 64",
"2017 1 Braila 24 31 42 19 54 64 41 57 37 30 43 36",
"2017 1 Buzau 17 28 44 29 45 45 36 51 32 42 37 32",
"2017 1 CarasSeverin 9 15 24 16 24 17 21 18 14 19 15 14",
"2017 1 Calarasi 16 24 40 31 33 61 48 47 41 36 38 21",
"2017 1 Cluj 43 134 112 162 185 119 123 136 242 184 158 105",
"2017 1 Constanta 50 93 139 95 179 159 153 139 142 143 140 90",
"2017 1 Covasna 9 10 13 23 13 11 31 11 14 18 1 13",
"2017 1 Dambovita 34 65 83 103 137 120 128 105 122 119 116 85",
"2017 1 Dolj 34 42 70 87 103 58 134 125 125 83 112 72",
"2017 1 Galati 44 77 99 52 112 95 124 120 108 85 98 72",
"2017 1 Giurgiu 37 23 29 58 68 62 68 69 56 67 59 52",
"2017 1 Gorj 19 26 45 37 50 41 41 34 47 52 39 34",
"2017 1 Harghita 30 24 34 24 48 31 33 32 39 28 26 19",
"2017 1 Hunedoara 18 17 22 16 33 41 41 67 40 24 24 19",
"2017 1 Ialomita 16 36 27 32 60 52 72 44 55 52 29 16",
"2017 1 Iasi 113 180 205 219 309 253 238 301 259 195 169 149",
"2017 1 Ilfov 166 228 514 510 440 387 600 731 415 563 628 330",
"2017 1 Maramures 50 66 71 79 95 107 98 151 105 72 82 66",
"2017 1 Mehedinti 12 21 37 18 30 32 48 34 43 23 28 22",
"2017 1 Mures 24 69 57 53 75 90 95 100 76 69 63 58",
"2017 1 Neamt 30 75 63 95 112 93 104 85 86 73 63 45",
"2017 1 Olt 24 37 52 58 59 63 71 58 60 57 46 44",
"2017 1 Prahova 49 83 119 89 171 84 138 124 115 111 99 125",
"2017 1 SatuMare 29 40 68 49 82 49 58 84 60 48 58 59",
"2017 1 Salaj 24 32 35 34 31 31 52 44 38 31 25 18",
"2017 1 Sibiu 25 46 59 57 84 54 121 68 70 69 54 39",
"2017 1 Suceava 86 159 246 225 246 250 207 289 226 189 161 167",
"2017 1 Teleorman 11 15 23 21 26 25 20 38 26 13 12 6",
"2017 1 Timis 87 142 200 211 323 279 347 312 231 286 226 224",
"2017 1 Tulcea 12 12 19 11 29 15 12 12 15 15 6 18",
"2017 1 Vaslui 16 29 37 25 30 44 33 33 99 56 29 38",
"2017 1 Valcea 18 28 29 37 44 45 44 69 38 41 31 27",
"2017 1 Vrancea 37 52 83 79 104 83 101 69 78 65 45 70",
"2017 1 Bucuresti 54 31 63 54 85 60 88 40 98 70 49 69",
