"2017 1 Alba 1850 1906 2027 2010 2002 2016 2044 2016 2031 2065 2108 2197",
"2017 1 Arad 2025 2013 2106 2120 2118 2147 2143 2091 2148 2148 2239 2292",
"2017 1 Arges 2027 2046 2105 2327 2486 2173 2298 2172 2162 2194 2227 2445",
"2017 1 Bacau 1865 1874 2017 1970 2067 2041 2025 2112 2062 2045 2157 2324",
"2017 1 Bihor 1773 1810 1854 1867 1886 1877 1914 1921 1905 1953 2003 2038",
"2017 1 BistritaNasaud 1792 1754 1838 1807 1841 1854 1935 1879 1892 1913 2011 1936",
"2017 1 Botosani 1785 1865 1931 1932 1929 1901 1958 1942 1928 1933 1966 1983",
"2017 1 Brasov 2241 2205 2367 2323 2333 2424 2389 2321 2372 2393 2532 2693",
"2017 1 Braila 1639 1732 1788 1798 1801 1845 1859 1882 1875 1909 1970 1977",
"2017 1 Buzau 1755 1811 1896 1881 1891 1914 1891 1904 1910 1906 1923 2003",
"2017 1 CarasSeverin 1788 1848 1882 1856 1877 1899 1942 1951 1929 1943 2016 2015",
"2017 1 Calarasi 1809 1923 1961 1950 1968 1969 2052 2046 2062 2088 2106 2222",
"2017 1 Cluj 2494 2528 2654 2626 2684 2675 2736 2657 2652 2685 2783 2860",
"2017 1 Constanta 1970 2001 2083 2156 2135 2128 2122 2106 2139 2157 2193 2326",
"2017 1 Covasna 1674 1773 1802 1852 1817 1824 1833 1860 1844 1878 1893 1995",
"2017 1 Dambovita 1834 1848 1974 1918 1927 1941 2003 1976 1967 1957 1970 2031",
"2017 1 Dolj 1949 2004 2016 2073 2043 2073 2152 2091 2089 2116 2148 2228",
"2017 1 Galati 2045 2095 2169 2192 2177 2201 2185 2203 2217 2217 2241 2374",
"2017 1 Giurgiu 1823 1861 1872 1867 1861 1892 1914 1892 1896 1907 1921 2029",
"2017 1 Gorj 1999 2043 2087 2244 2100 2084 2212 2267 2189 2208 2311 2566",
"2017 1 Harghita 1665 1732 1790 1771 1808 1787 1813 1807 1794 1833 1826 1862",
"2017 1 Hunedoara 1803 1897 1975 1963 1935 1958 1962 1937 1977 1994 2048 2140",
"2017 1 Ialomita 1655 1760 1816 1800 1789 1813 1811 1805 1852 1896 1915 1972",
"2017 1 Iasi 2115 2155 2241 2243 2273 2318 2286 2256 2302 2329 2380 2443",
"2017 1 Ilfov 2636 2368 2435 2584 2505 2607 2594 2536 2518 2527 2594 2843",
"2017 1 Maramures 1762 1802 1858 1833 1866 1852 1894 1904 1896 1932 1997 2042",
"2017 1 Mehedinti 1983 2035 2122 2106 2103 2138 2197 2180 2170 2186 2348 2365",
"2017 1 Mures 2123 2026 2080 2112 2152 2120 2116 2094 2102 2142 2216 2257",
"2017 1 Neamt 1724 1823 1875 1873 1919 1890 1908 1876 1892 1907 1901 2013",
"2017 1 Olt 1967 2006 2152 2121 2184 2160 2144 2212 2132 2147 2194 2355",
"2017 1 Prahova 2065 2076 2170 2187 2177 2173 2191 2171 2205 2211 2253 2387",
"2017 1 SatuMare 1751 1802 1943 1879 1933 1962 1940 1987 1986 1995 2016 2043",
"2017 1 Salaj 1745 1834 1890 1875 1875 1909 1944 1900 1927 2050 2027 2002",
"2017 1 Sibiu 2326 2260 2406 2390 2524 2552 2446 2442 2449 2484 2566 2769",
"2017 1 Suceava 1713 1786 1822 1812 1883 1830 1844 1828 1831 1860 1870 1921",
"2017 1 Teleorman 1685 1716 1753 1746 1720 1750 1795 1805 1829 1833 1859 1867",
"2017 1 Timis 2349 2308 2462 2445 2440 2533 2518 2469 2503 2495 2749 2744",
"2017 1 Tulcea 1780 1833 1879 1946 1911 1913 1948 1954 1927 1966 2037 2144",
"2017 1 Vaslui 1771 1828 1873 1872 1870 1869 1887 1885 1902 1898 1925 2002",
"2017 1 Valcea 1722 1792 1815 1841 1848 1858 1908 1899 1882 1910 1930 2036",
"2017 1 Vrancea 1743 1800 1849 1827 1872 1882 1906 1909 1893 1922 1932 2053",
"2017 1 Bucuresti 3190 2886 3060 3106 3039 3095 3089 3054 3082 3081 3164 3545",
