"2017 1 Alba 12 73 42 56 53 44 13 47 74 23 103 53",
"2017 1 Arad 0 44 33 34 34 44 42 29 84 70 63 141",
"2017 1 Arges 4 78 150 94 118 109 58 110 141 127 59 69",
"2017 1 Bacau 85 84 80 102 86 104 102 78 84 86 75 92",
"2017 1 Bihor 30 49 111 82 136 58 51 68 115 74 78 72",
"2017 1 BistritaNasaud 15 30 18 25 56 17 15 7 68 29 12 49",
"2017 1 Botosani 5 58 29 91 39 34 30 38 66 106 117 174",
"2017 1 Brasov 30 98 102 63 94 85 70 90 92 109 102 73",
"2017 1 Braila 17 59 58 56 59 65 44 58 47 51 48 52",
"2017 1 Buzau 6 54 45 59 52 58 66 63 51 38 37 29",
"2017 1 CarasSeverin 4 50 54 45 47 68 26 48 37 50 26 49",
"2017 1 Calarasi 7 41 29 46 28 50 18 39 33 32 33 45",
"2017 1 Cluj 23 79 93 78 70 68 50 59 61 62 86 65",
"2017 1 Constanta 27 99 157 72 64 132 76 85 91 93 123 137",
"2017 1 Covasna 7 22 15 26 14 23 13 30 11 31 12 19",
"2017 1 Dambovita 20 20 70 39 25 124 22 60 75 77 83 64",
"2017 1 Dolj 17 29 69 60 49 12 55 30 76 47 54 41",
"2017 1 Galati 3 96 75 91 92 69 93 71 78 123 89 46",
"2017 1 Giurgiu 2 49 23 20 48 20 13 30 19 47 26 17",
"2017 1 Gorj 31 48 58 77 83 67 15 60 46 67 52 84",
"2017 1 Harghita 9 36 25 32 37 19 29 35 29 20 32 19",
"2017 1 Hunedoara 24 66 76 52 82 105 27 59 44 87 60 29",
"2017 1 Ialomita 4 21 24 32 37 13 49 20 23 24 34 29",
"2017 1 Iasi 67 63 99 95 107 92 106 139 77 75 68 84",
"2017 1 Ilfov 15 50 50 72 47 71 44 52 52 82 52 70",
"2017 1 Maramures 55 56 72 73 74 62 47 60 64 45 46 62",
"2017 1 Mehedinti 12 4 10 31 33 1 6 24 12 33 25 9",
"2017 1 Mures 20 54 85 61 47 53 53 46 74 55 42 61",
"2017 1 Neamt 51 37 85 119 43 125 125 62 83 45 99 38",
"2017 1 Olt 5 87 48 37 36 43 9 76 32 30 48 29",
"2017 1 Prahova 26 91 106 96 111 79 85 121 135 111 102 70",
"2017 1 SatuMare 32 50 63 29 84 36 24 39 65 30 50 56",
"2017 1 Salaj 32 27 19 28 23 30 30 36 23 15 17 29",
"2017 1 Sibiu 22 70 69 67 43 71 49 77 59 64 52 117",
"2017 1 Suceava 39 70 95 71 111 105 54 96 98 79 74 81",
"2017 1 Teleorman 31 55 67 50 53 42 37 48 61 54 41 35",
"2017 1 Timis 18 91 88 96 142 78 98 110 112 88 49 63",
"2017 1 Tulcea 5 12 18 25 28 31 8 8 25 12 33 5",
"2017 1 Vaslui 16 66 50 46 40 67 20 82 45 35 45 42",
"2017 1 Valcea 0 22 14 13 35 13 18 17 12 16 13 18",
"2017 1 Vrancea 6 46 37 41 59 37 24 42 13 59 36 36",
"2017 1 Bucuresti 69 199 178 224 174 141 338 214 206 339 151 398",
