"2017 1 Alba 83516 91958 142254 131684 137243 112214 114912 114898 121216 132802 111892 118114",
"2017 1 Arad 238043 253779 289022 240080 293325 266803 247476 245320 272906 276338 268298 215830",
"2017 1 Arges 344639 351083 407969 360486 413335 405044 374621 284177 414931 470833 424476 377003",
"2017 1 Bacau 45267 52154 76393 63216 75136 67699 66594 63835 75192 74008 65179 60584",
"2017 1 Bihor 131732 139369 172922 151509 171092 160969 157513 137009 151914 165835 163541 127812",
"2017 1 BistritaNasaud 52618 54563 58626 46436 55955 59733 53731 48678 66025 60457 57199 46568",
"2017 1 Botosani 20040 21409 26872 23209 30132 23972 23448 17555 26916 25666 26568 22329",
"2017 1 Brasov 211939 233225 262953 232720 277227 261012 249330 241074 262381 285000 269608 224063",
"2017 1 Braila 9507 13714 20773 17542 23923 20765 17384 14565 13895 19015 18932 16943",
"2017 1 Buzau 25563 29873 38971 33228 72963 42496 32976 35151 33889 33057 38733 34335",
"2017 1 CarasSeverin 17853 17315 19850 17340 20952 19529 16210 17610 19171 21852 21527 19419",
"2017 1 Calarasi 18612 18676 31297 23380 23976 27722 25162 25295 24643 21360 26354 21037",
"2017 1 Cluj 169998 185664 222192 194218 220490 208470 202621 215897 242971 254740 224682 195882",
"2017 1 Constanta 230143 180197 200219 212504 226725 156498 269012 231522 198414 270105 242898 269426",
"2017 1 Covasna 21528 24834 27724 21941 28359 22573 24559 23371 26152 29491 28580 22842",
"2017 1 Dambovita 38356 48380 54086 50932 58197 55926 53531 58810 58761 68119 52777 47217",
"2017 1 Dolj 84158 96030 120813 81928 113627 117137 106999 95780 70276 88483 118170 132341",
"2017 1 Galati 69249 87158 130203 96335 105828 104961 100975 101960 117812 123420 107839 90778",
"2017 1 Giurgiu 10926 15207 13906 13009 14907 15108 13467 12425 15318 15351 14196 11877",
"2017 1 Gorj 3338 3445 4109 2847 4353 3788 3668 3982 4496 3501 4743 4564",
"2017 1 Harghita 25762 29232 36211 33119 38687 39300 35588 31808 39906 44000 43666 26961",
"2017 1 Hunedoara 48859 58050 64914 55957 56954 57755 48637 42050 53657 58950 57913 38751",
"2017 1 Ialomita 12401 18684 19277 17497 20609 22286 21373 19240 25590 15390 18999 19021",
"2017 1 Iasi 58032 71757 71468 72124 77388 75577 76427 66647 81434 88219 81426 71115",
"2017 1 Ilfov 412853 480320 564450 522185 576384 735244 554602 539475 595658 599027 591230 517615",
"2017 1 Maramures 69834 73300 85016 78200 85259 82686 80601 79073 92998 94273 88747 74425",
"2017 1 Mehedinti 6123 8116 9623 7614 10777 9265 7726 4632 8432 11476 11544 9640",
"2017 1 Mures 118963 106376 113196 98854 99465 109095 93587 115295 98653 114177 108814 108774",
"2017 1 Neamt 26462 30984 35441 33473 39903 35242 34050 33903 36536 39224 37976 29016",
"2017 1 Olt 50168 60820 73595 65262 72519 67008 73773 64459 70867 73770 68979 59699",
"2017 1 Prahova 257681 255676 231871 271493 306743 278652 276838 272412 283846 302928 308808 288669",
"2017 1 SatuMare 75752 75453 91203 78920 96020 78839 76559 81797 92443 93677 91715 66767",
"2017 1 Salaj 21739 24821 26989 24710 31012 28052 23062 23979 28433 32153 31003 20993",
"2017 1 Sibiu 178711 194392 224144 177846 209078 203283 196615 174976 201644 200744 203162 177836",
"2017 1 Suceava 35695 45065 55031 48043 54626 58110 54233 51684 58962 62269 55084 50693",
"2017 1 Teleorman 9872 15568 17925 13162 13065 17402 14472 19637 20345 16287 21942 12397",
"2017 1 Timis 402924 429182 497097 427280 489218 429218 419826 399812 453162 497392 468730 408849",
"2017 1 Tulcea 11537 13351 24994 19888 19647 26065 25365 28099 23488 22625 24459 27123",
"2017 1 Vaslui 8137 10316 13140 10192 14387 13065 12664 11180 10925 12200 12809 11122",
"2017 1 Valcea 21558 27298 27931 22951 27145 26459 28035 27971 25538 30285 31821 32117",
"2017 1 Vrancea 18297 21144 26283 25183 31536 26960 21864 19003 22214 24898 22474 16450",
"2017 1 Bucuresti 1544594 1698385 2089365 1658732 1877370 1818050 1834763 1845484 1996149 2155664 2181750 1928663",
