"2017 1 Alba 97563 131637 85230 71011 92305 92488 107744 81731 84489 58806 118757 23422",
"2017 1 Arad 41318 28354 30027 41739 12224 17329 16556 9088 35592 34673 61569 6708",
"2017 1 Arges 148026 152668 174623 113411 148022 121822 90854 17766 109557 115146 115648 79326",
"2017 1 Bacau -3960 -12857 -26002 -22718 -23210 -15363 -18402 -22161 -25822 -26522 -12647 -22147",
"2017 1 Bihor -3795 2426 -13832 -18237 -13669 -12101 -7045 -1056 9905 -4643 4010 -1397",
"2017 1 BistritaNasaud 13551 12813 17670 15404 19692 8568 16699 8892 9782 20715 22898 4434",
"2017 1 Botosani 3855 7189 3829 -2122 91 6561 7581 3633 908 518 1992 -912",
"2017 1 Brasov 34985 28345 56049 6185 17092 18819 -5593 5548 32472 11273 24680 3978",
"2017 1 Braila -1372 -3825 -7600 -8308 -10942 -8524 13683 30226 -5312 -8624 -6933 -8216",
"2017 1 Buzau 25905 13507 18163 9724 -17343 4567 19762 17642 26127 25251 29372 19455",
"2017 1 CarasSeverin 7314 9372 12600 6123 6565 6518 4025 9800 8589 8042 7592 1970",
"2017 1 Calarasi 8000 18475 -4808 1869 6639 -7905 21782 -3002 3140 27007 11249 -2956",
"2017 1 Cluj -58838 -67731 -83662 -77178 -83266 -84031 -88981 -97091 -101673 -112242 -72695 -89261",
"2017 1 Constanta -84196 -43211 -91934 -25423 -37330 -63364 -82905 -14789 -12675 -50141 -85843 -99201",
"2017 1 Covasna 6530 3647 2994 2526 -3136 5322 5188 640 -454 -3881 -4585 -3722",
"2017 1 Dambovita 6816 9174 10014 3089 1577 4409 6180 -5629 4492 -10559 5675 -2391",
"2017 1 Dolj 7525 17405 11367 1499 10989 9391 8362 25545 -11291 -20044 -57770 2146",
"2017 1 Galati 28005 -7499 -34258 -7209 4752 -16930 -28555 -18299 -46471 -43411 -31128 -29943",
"2017 1 Giurgiu -7171 -9825 -7077 -7367 -9147 -9182 -7262 -7676 -8967 -7351 -4795 -4153",
"2017 1 Gorj -271 -58 2500 -77 -662 2411 451 69 3806 1069 -923 -1526",
"2017 1 Harghita -2469 -5907 -9092 -9606 -11563 -12843 -9330 -8135 -11442 -16289 -13594 -5816",
"2017 1 Hunedoara 16281 11584 25659 10647 27084 15192 14391 12083 26700 18106 20098 7739",
"2017 1 Ialomita -281 1767 1596 -6832 -7986 -8562 -2601 -4060 -9611 1750 -2170 -2467",
"2017 1 Iasi 4907 -3469 10410 -1873 1873 4085 2655 6684 4762 339 402 -624",
"2017 1 Ilfov -249189 -275187 -334544 -340782 -372919 -546165 -367000 -356880 -397625 -380743 -371171 -321132",
"2017 1 Maramures +30659 +32965 +38226 +22272 +33335 +26689 +30579 +30905 +25948 +27591 +36302 +15555",
"2017 1 Mehedinti 1870 1236 2081 822 2542 468 3919 1866 7890 3166 3289 901",
"2017 1 Mures -48728 -38865 -25406 -27399 -12631 -33216 -22711 -49097 -16666 -29276 -17143 -43702",
"2017 1 Neamt 5412 4178 4909 -2293 1221 6209 2861 -7060 5022 274 3855 -1504",
"2017 1 Olt 62282 56013 58157 46646 62987 54868 43096 51740 56438 50484 57897 30235",
"2017 1 Prahova -101334 -86082 -49317 -104841 -78587 -78577 -86362 -106254 -62303 -91395 -98537 -116886",
"2017 1 SatuMare 2375 5844 963 -5730 -13940 842 4282 -5070 -3514 -1550 -564 -4124",
"2017 1 Salaj 19770 30317 25664 8569 19569 19579 32585 1327 12832 14618 7242 24833",
"2017 1 Sibiu 53442 51661 52387 46638 60110 44464 46849 44071 64201 70311 62709 17935",
"2017 1 Suceava -3518 -5764 -9334 -9116 -3852 -12674 -9420 -8937 -7285 -13669 -6917 -15399",
"2017 1 Teleorman 4475 -3491 -4138 -1977 -1334 -5284 -3377 -11997 -9626 -3776 -9241 -3122",
"2017 1 Timis 75038 94255 103700 53197 85817 89313 81925 84330 104848 70333 116154 6965",
"2017 1 Tulcea -3699 -4691 3750 -6425 -5857 -16806 -13963 -6788 -10913 8248 7568 20034",
"2017 1 Vaslui 7720 3330 2018 1577 2964 1688 3355 833 3624 2614 1686 1890",
"2017 1 Valcea 11333 7541 9922 13394 14453 11462 8642 6183 12508 8715 8741 -1655",
"2017 1 Vrancea -761 -1862 -5128 -10323 -9926 -3631 3703 7559 4634 -3183 2291 1006",
"2017 1 Bucuresti -812548 -879120 -1174776 -877184 -1044656 -1043706 -898455 -840696 -987779 -1121675 -1119220 -1142813",
