"2017 1 Alba 8643 8621 8449 8006 7273 6928 6371 6044 5664 5899 5933 6163",
"2017 1 Arad 5597 4993 4879 2777 2777 2821 2796 3069 3069 2901 3209 3245",
"2017 1 Arges 11992 11709 11304 10658 10111 9998 10989 11178 10942 10675 10497 10322",
"2017 1 Bacau 14920 14220 13300 12720 12503 12620 12997 13100 13120 13000 13624 14032",
"2017 1 Bihor 8875 8427 7317 7184 6810 6682 6974 6543 6507 6353 6450 6497",
"2017 1 BistritaNasaud 5128 5262 4958 4817 4662 4562 3484 3763 3851 3834 3841 4043",
"2017 1 Botosani 7192 7174 6903 6362 6038 5960 6138 6078 5655 5108 4722 4919",
"2017 1 Brasov 9338 9417 9124 8459 8295 8249 8425 7972 7700 7553 7425 7353",
"2017 1 Braila 8614 8084 7818 7419 7124 6956 6787 6697 6511 6100 6128 6294",
"2017 1 Buzau 17413 16955 17317 15681 16516 17372 17429 18325 17959 15100 14827 15001",
"2017 1 CarasSeverin 2456 2485 2361 2322 2450 2436 2636 2811 2965 3134 3183 3961",
"2017 1 Calarasi 7165 6886 6595 5943 5524 5004 5032 5071 4756 4490 4396 4487",
"2017 1 Cluj 8499 8610 8387 7679 7415 7244 7276 7862 7762 7573 7236 7460",
"2017 1 Constanta 10539 10686 10351 9689 8041 7497 7527 7554 7567 8511 8908 9099",
"2017 1 Covasna 4523 4294 3911 3709 3599 3311 3749 3873 3740 3647 3659 3612",
"2017 1 Dambovita 13593 13180 12702 12338 11275 11141 10874 10562 10435 10247 10132 10188",
"2017 1 Dolj 26192 25788 24706 23650 23327 23452 23543 24353 23681 22679 23072 23331",
"2017 1 Galati 19307 18912 17830 18107 18304 19298 19168 18204 17700 16550 15459 15245",
"2017 1 Giurgiu 4799 4749 4625 3925 3305 3350 3583 3591 3405 3054 2678 2668",
"2017 1 Gorj 10547 11085 11276 11339 10559 9440 9140 9038 8890 8670 8635 8600",
"2017 1 Harghita 7905 7949 7055 6624 6459 6716 6219 6392 6431 6358 6449 6542",
"2017 1 Hunedoara 10999 9984 10013 9820 9394 8829 8054 7553 7691 8062 7675 7898",
"2017 1 Ialomita 7638 7665 6940 6514 6248 6220 6360 6081 6268 6202 6505 6476",
"2017 1 Iasi 13490 13674 13501 13213 12730 12512 12746 12861 12583 12392 12134 11960",
"2017 1 Ilfov 1956 1889 1923 1688 1685 1718 1893 1555 1625 1461 1225 1207",
"2017 1 Maramures 6801 6947 6934 6709 6677 7033 7565 7470 7341 7113 6593 6186",
"2017 1 Mehedinti 10689 11140 10616 10412 9709 9430 10382 10129 9949 9783 9868 9777",
"2017 1 Mures 10952 10931 10924 10873 10535 10516 10237 9886 9726 9372 9301 9314",
"2017 1 Neamt 11325 11365 10876 10352 10457 10250 10009 9690 9643 9501 9377 9039",
"2017 1 Olt 14560 13965 12406 11945 11567 11290 11300 11509 11659 11743 11802 12027",
"2017 1 Prahova 12194 10691 10023 9408 7910 8010 9065 8845 9400 9153 9075 8991",
"2017 1 SatuMare 6112 6095 5853 5572 5268 5206 5018 4956 4726 4717 4723 4727",
"2017 1 Salaj 5554 5512 5546 5277 4980 5062 5419 5561 5572 4812 4503 4821",
"2017 1 Sibiu 6253 6425 5935 5980 5230 5210 5067 4878 4861 4880 4761 4770",
"2017 1 Suceava 13735 13563 12193 10989 11006 11213 10647 11749 11549 11601 11792 12379",
"2017 1 Teleorman 16155 15803 15720 15483 15393 15599 16157 16193 16204 15922 15801 14893",
"2017 1 Timis 3898 3933 3920 3869 3902 3875 3804 3729 3792 3856 3663 3540",
"2017 1 Tulcea 4490 4357 4378 3816 3596 3538 3505 3506 3459 3754 3836 3951",
"2017 1 Vaslui 16706 16056 15983 15792 15394 15158 15228 15323 14768 14702 14227 14239",
"2017 1 Valcea 8087 8010 7949 7701 7206 7081 7030 7041 7112 7251 7028 6670",
"2017 1 Vrancea 7812 7667 7623 7515 7451 7436 7543 7487 7382 7168 7035 6903",
"2017 1 Bucuresti 18593 18574 18527 18477 18456 18422 18410 18415 18410 18411 18343 18275",
