"2017 1 Alba 8850 8707 9686 11818 16799 18169 21007 24739 16666 12977 10378 9849",
"2017 1 Arad 11723 11984 13479 15381 17564 18159 21214 24220 20211 16462 15431 13588",
"2017 1 Arges 13182 12729 13376 14017 16134 21881 29251 31996 25207 18395 15269 15509",
"2017 1 Bacau 8559 10232 10653 10559 11732 13159 15092 15940 13514 12161 11282 9078",
"2017 1 Bihor 22450 25072 26996 33847 37848 47213 58723 66875 47824 39037 39008 32301",
"2017 1 BistritaNasaud 5482 5594 5838 7439 10077 11035 13740 16003 11521 8629 7414 5931",
"2017 1 Botosani 3166 3356 3430 4071 4979 4612 4697 4620 4952 4961 4852 4647",
"2017 1 Brasov 99495 93268 71970 82485 95264 108245 128653 153474 117574 102434 84852 108471",
"2017 1 Braila 3420 4285 5987 5905 6745 7898 9209 10108 7922 7431 6890 4531",
"2017 1 Buzau 4571 4930 5440 6029 7411 9211 10623 11940 9526 8222 7263 5626",
"2017 1 CarasSeverin 9411 9144 8906 15118 18242 21953 26872 29081 17012 13316 11377 9947",
"2017 1 Calarasi 1137 1196 1326 1491 2051 2129 2273 2493 2126 1957 1600 1452",
"2017 1 Cluj 32992 36364 47392 51927 60667 60102 67868 63215 60515 60088 50688 38737",
"2017 1 Constanta 11837 15519 19470 28607 52980 166778 369934 393644 118561 22936 19167 16109",
"2017 1 Covasna 5620 5205 5849 7570 9999 10740 12075 12805 9824 10556 8661 8533",
"2017 1 Dambovita 5577 5478 6871 7496 8588 10293 12368 12550 11536 8450 8092 7851",
"2017 1 Dolj 9293 8666 10527 10417 11212 10163 10766 11071 11435 11051 10734 8432",
"2017 1 Galati 5053 5756 7348 7380 9111 9383 9120 9585 9404 10571 9370 6086",
"2017 1 Giurgiu 1816 1958 2272 2045 2236 2804 3092 3231 2381 2011 2400 1675",
"2017 1 Gorj 6518 6317 5184 6541 6911 10613 13808 18921 10414 8222 7672 7946",
"2017 1 Harghita 12520 12901 10337 12266 14651 19879 27777 33010 17785 14528 10855 13780",
"2017 1 Hunedoara 10308 9301 10065 10903 13788 16375 21913 22112 16648 12768 11607 11364",
"2017 1 Ialomita 1219 1678 2532 2675 3722 5733 6667 6777 4846 3438 2038 1671",
"2017 1 Iasi 19067 20286 26240 24840 30096 29942 28049 28035 30471 35343 27529 20671",
"2017 1 Ilfov 11522 10825 11968 12329 14571 14897 15431 14865 14399 14787 13064 10249",
"2017 1 Maramures 14347 12934 10412 14221 18770 19674 24484 32420 18858 16388 12794 16672",
"2017 1 Mehedinti 5137 4634 6370 8829 10374 11477 12687 15452 10818 6779 5840 4063",
"2017 1 Mures 28583 29701 32547 40667 41443 53238 62619 74157 53270 46985 42338 35128",
"2017 1 Neamt 10506 10039 10385 16071 23356 25132 31516 38054 23473 16958 13319 14345",
"2017 1 Olt 3018 2619 2536 2432 3469 3925 3829 4372 3627 3696 2571 2927",
"2017 1 Prahova 38685 37725 31848 35187 39490 49951 53771 63715 50252 45222 40559 43332",
"2017 1 SatuMare 6843 6454 6157 6935 7207 8945 10562 11755 10239 7830 7469 7354",
"2017 1 Salaj 1739 2532 2932 2790 4548 3810 4597 5445 3760 3477 2815 2403",
"2017 1 Sibiu 26143 27050 29694 37837 48854 58087 71340 78185 58503 42497 40304 45148",
"2017 1 Suceava 24891 23760 18649 26225 29803 35989 44118 53833 37926 28544 21679 29096",
"2017 1 Teleorman 548 636 685 634 972 1216 1128 1346 1127 1036 697 679",
"2017 1 Timis 23770 25515 30358 31324 37399 39297 37841 38733 40745 35187 33321 25592",
"2017 1 Tulcea 1241 1695 2234 3841 9520 14562 17552 18219 14879 7277 5305 4104",
"2017 1 Vaslui 2449 2448 3227 3280 4111 3760 3133 5936 5138 4425 3742 3019",
"2017 1 Valcea 20099 20426 19444 23390 23056 35449 46437 51177 33998 29537 26476 25485",
"2017 1 Vrancea 2279 2283 2289 2910 3120 3083 3728 4086 3527 3238 2861 2624",
"2017 1 Bucuresti 123909 137850 169362 158925 190832 188770 181938 175745 199641 197471 171328 148199",
