"2017 1 Alba -264 -179 -95 -147 -59 -76 -131 -19 -40 -112 -99 -144",
"2017 1 Arad -355 -304 -212 -227 -129 -100 -92 -146 -57 -160 -220 -276",
"2017 1 Arges -467 -274 -187 -272 -161 -181 -65 -94 -76 -82 -263 -219",
"2017 1 Bacau -534 -333 -347 -301 -210 -145 -160 -4 -15 -137 -210 -356",
"2017 1 Bihor -362 -257 -194 -205 -123 -70 -20 15 8 -46 -129 -168",
"2017 1 BistritaNasaud -159 -99 -102 -14 1 -55 8 84 46 65 -37 -87",
"2017 1 Botosani -333 -297 -257 -215 -164 -170 -15 -39 -27 -113 -220 -281",
"2017 1 Brasov -244 -102 -127 -89 63 -2 78 63 70 27 33 -108",
"2017 1 Braila -399 -225 -249 -216 -170 -195 -128 -141 -99 -180 -242 -213",
"2017 1 Buzau -524 -304 -349 -342 -241 -212 -206 -140 -136 -297 -198 -279",
"2017 1 CarasSeverin -250 -216 -239 -224 -192 -148 -101 -117 -98 -120 -225 -226",
"2017 1 Calarasi -255 -195 -182 -181 -148 -144 -84 -50 -47 -191 -164 -194",
"2017 1 Cluj -314 -286 -162 -132 11 -13 48 55 40 -85 -84 -125",
"2017 1 Constanta -304 -211 -153 -213 -84 -70 64 -1 19 -67 -55 -205",
"2017 1 Covasna -66 -106 -63 -60 -9 -53 -1 0 20 -8 -47 -82",
"2017 1 Dambovita -441 -293 -224 -247 -133 -173 -65 -7 -17 -109 -209 -225",
"2017 1 Dolj -593 -471 -388 -432 -312 -304 -235 -96 -70 -294 -318 -413",
"2017 1 Galati -515 -208 -250 -303 -146 -136 -200 -7 -24 -158 -246 -357",
"2017 1 Giurgiu -289 -237 -165 -163 -141 -135 -129 -86 -84 -114 -204 -225",
"2017 1 Gorj -277 -179 -137 -174 -119 -65 -74 -8 -1 -64 -92 -137",
"2017 1 Harghita -90 -131 -91 -32 -40 -11 48 4 -2 31 -65 -85",
"2017 1 Hunedoara -406 -301 -277 -223 -220 -152 -99 -140 -105 -144 -181 -274",
"2017 1 Ialomita -252 -199 -103 -189 -113 -68 -41 -14 -35 -78 -137 -138",
"2017 1 Iasi -265 -226 -191 -211 -26 127 107 224 263 35 4 -111",
"2017 1 Ilfov -85 25 173 13 91 97 101 157 149 148 68 104",
"2017 1 Maramures -269 -252 -173 -155 -76 -32 23 86 25 -88 -137 -106",
"2017 1 Mehedinti -236 -222 -213 -155 -122 -149 -66 -135 -56 -66 -151 -191",
"2017 1 Mures -264 -294 -138 -87 -84 -103 27 27 32 3 -68 -222",
"2017 1 Neamt -484 -275 -259 -272 -163 -169 -60 -38 -164 -136 -254 -270",
"2017 1 Olt -370 -317 -376 -381 -271 -186 -161 -160 -131 -255 -310 -320",
"2017 1 Prahova -597 -453 -400 -449 -249 -233 -181 -171 -169 -300 -281 -412",
"2017 1 SatuMare -286 -176 -172 -129 -85 -64 39 73 1 -19 -113 -4",
"2017 1 Salaj -142 -142 -68 -86 -8 -63 17 20 23 1 -49 -75",
"2017 1 Sibiu -154 -89 21 -10 -1 13 90 110 64 -34 26 -107",
"2017 1 Suceava -231 -214 -47 -126 10 25 176 359 179 9 -91 -136",
"2017 1 Teleorman -528 -376 -367 -374 -321 -286 -240 -181 -253 -269 -302 -417",
"2017 1 Timis -2 -201 -102 -161 116 15 136 58 156 -188 -354 -255",
"2017 1 Tulcea -194 -124 -121 -136 -100 -94 -101 -45 -12 -57 -122 -137",
"2017 1 Vaslui -312 -230 -241 -172 -139 -107 -43 38 64 -137 -203 -247",
"2017 1 Valcea -218 -166 -77 -147 -63 -104 -30 -2 -16 -63 -53 -88",
"2017 1 Vrancea -371 -148 -217 -195 -135 -123 -48 4 -54 -126 -162 -262",
"2017 1 Bucuresti -1003 -406 101 -542 -206 -128 -145 121 147 4 -232 54",
