"2017 1 Alba 2561 2657 2829 2804 2794 2813 2851 2817 2837 2883 2945 3066",
"2017 1 Arad 2808 2801 2932 2948 2950 2993 2990 2915 2996 2996 3124 3195",
"2017 1 Arges 2811 2849 2931 3247 3478 3034 3216 3035 3021 3060 3112 3419",
"2017 1 Bacau 2585 2608 2802 2740 2880 2842 2822 2943 2872 2849 3010 3234",
"2017 1 Bihor 2467 2521 2586 2600 2626 2621 2666 2674 2661 2721 2795 2844",
"2017 1 BistritaNasaud 2455 2431 2552 2507 2556 2573 2690 2611 2630 2661 2803 2695",
"2017 1 Botosani 2471 2595 2684 2682 2684 2647 2720 2705 2689 2693 2737 2757",
"2017 1 Brasov 3108 3056 3288 3226 3236 3371 3319 3222 3298 3325 3518 3739",
"2017 1 Braila 2269 2400 2477 2493 2501 2562 2584 2616 2597 2645 2740 2745",
"2017 1 Buzau 2425 2516 2632 2615 2626 2659 2630 2646 2636 2650 2675 2772",
"2017 1 CarasSeverin 2468 2562 2601 2573 2606 2641 2696 2708 2678 2700 2801 2799",
"2017 1 Calarasi 2504 2674 2729 2716 2744 2746 2866 2861 2881 2916 2940 3104",
"2017 1 Cluj 3397 3474 3635 3612 3692 3674 3763 3652 3641 3683 3833 3933",
"2017 1 Constanta 2737 2791 2901 3005 2972 2965 2958 2935 2979 3006 3056 3250",
"2017 1 Covasna 2320 2463 2502 2580 2527 2537 2547 2594 2569 2618 2637 2784",
"2017 1 Dambovita 2539 2569 2747 2671 2678 2704 2789 2751 2735 2724 2742 2829",
"2017 1 Dolj 2707 2793 2808 2890 2846 2891 3002 2916 2910 2949 2987 3104",
"2017 1 Galati 2840 2918 3021 3055 3035 3068 3050 3075 3094 3094 3130 3320",
"2017 1 Giurgiu 2531 2592 2605 2597 2591 2637 2669 2637 2642 2662 2683 2834",
"2017 1 Gorj 2792 2857 2907 3139 2934 2909 3070 3142 3058 3092 3232 3576",
"2017 1 Harghita 2302 2406 2495 2470 2520 2487 2525 2514 2500 2553 2547 2598",
"2017 1 Hunedoara 2504 2643 2744 2728 2698 2730 2736 2701 2753 2780 2851 2991",
"2017 1 Ialomita 2291 2447 2525 2500 2486 2524 2523 2513 2579 2641 2670 2752",
"2017 1 Iasi 2935 2997 3114 3122 3163 3227 3178 3139 3203 3238 3310 3400",
"2017 1 Ilfov 3609 3298 3394 3608 3494 3630 3621 3536 3511 3519 3615 3968",
"2017 1 Maramures 2437 2502 2578 2544 2591 2578 2636 2652 2641 2692 2784 2849",
"2017 1 Mehedinti 2748 2829 2953 2929 2929 2977 3064 3038 3024 3045 3276 3296",
"2017 1 Mures 2938 2820 2899 2943 2994 2955 2955 2920 2932 2985 3097 3153",
"2017 1 Neamt 2401 2544 2617 2617 2677 2641 2669 2619 2642 2664 2655 2816",
"2017 1 Olt 2728 2791 2991 2950 3030 3005 2991 3084 2971 2992 3058 3295",
"2017 1 Prahova 2865 2893 3031 3051 3043 3036 3062 3032 3084 3091 3151 3342",
"2017 1 SatuMare 2429 2504 2701 2604 2681 2729 2695 2761 2763 2784 2812 2842",
"2017 1 Salaj 2404 2532 2610 2590 2592 2644 2695 2636 2671 2844 2812 2767",
"2017 1 Sibiu 3235 3155 3359 3340 3526 3568 3417 3418 3425 3473 3588 3869",
"2017 1 Suceava 2368 2477 2532 2517 2619 2543 2564 2537 2543 2582 2600 2673",
"2017 1 Teleorman 2347 2392 2443 2433 2388 2437 2501 2518 2550 2555 2589 2604",
"2017 1 Timis 3239 3193 3401 3377 3377 3507 3488 3420 3463 3451 3791 3802",
"2017 1 Tulcea 2464 2545 2611 2693 2656 2664 2703 2714 2665 2737 2835 2996",
"2017 1 Vaslui 2460 2545 2605 2605 2605 2604 2621 2626 2653 2646 2688 2790",
"2017 1 Valcea 2386 2477 2512 2554 2563 2579 2660 2645 2620 2659 2686 2839",
"2017 1 Vrancea 2411 2501 2566 2540 2602 2616 2653 2659 2639 2678 2695 2860",
"2017 1 Bucuresti 4355 4016 4259 4324 4232 4313 4306 4252 4288 4285 4408 4945",
