"2017 1 Alba 88584 88926 89575 89632 89957 90072 90191 90238 90367 90414 90413 90032",
"2017 1 Arad 131863 132286 133165 133251 133735 133906 134084 134154 134346 134416 134415 133847",
"2017 1 Arges 149911 150449 151502 151598 152145 152338 152538 152618 152834 152913 152912 152271",
"2017 1 Bacau 108473 108765 109427 109497 109890 110029 110174 110231 110387 110444 110443 109981",
"2017 1 Bihor 169822 170435 171625 171733 172347 172563 172788 172878 173120 173210 173208 172488",
"2017 1 BistritaNasaud 68276 68537 69032 69076 69326 69414 69505 69541 69640 69676 69675 69383",
"2017 1 Botosani 54801 54963 55314 55350 55551 55623 55697 55726 55806 55835 55835 55598",
"2017 1 Brasov 179157 179815 181089 181205 181860 182091 182331 182427 182686 182781 182779 182011",
"2017 1 Braila 67774 67958 68375 68419 68666 68753 68843 68879 68977 69013 69012 68722",
"2017 1 Buzau 82316 82538 83039 83092 83389 83494 83603 83646 83763 83807 83806 83457",
"2017 1 CarasSeverin 55740 55922 56295 56331 56534 56605 56680 56709 56790 56819 56819 56581",
"2017 1 Calarasi 43920 44116 44461 44490 44649 44705 44763 44787 44850 44873 44872 44685",
"2017 1 Cluj 235844 236707 238369 238519 239367 239667 239979 240102 240438 240561 240559 239563",
"2017 1 Constanta 177539 178055 179173 179286 179925 180150 180385 180478 180731 180824 180822 180072",
"2017 1 Covasna 49734 49864 50167 50199 50383 50448 50515 50542 50615 50641 50641 50425",
"2017 1 Dambovita 77586 77837 78356 78406 78690 78790 78894 78935 79048 79089 79088 78755",
"2017 1 Dolj 127458 127871 128715 128796 129255 129416 129585 129652 129833 129900 129898 129360",
"2017 1 Galati 113837 114264 115078 115151 115563 115708 115859 115919 116082 116142 116141 115657",
"2017 1 Giurgiu 34465 34596 34844 34866 34990 35034 35079 35097 35146 35164 35164 35019",
"2017 1 Gorj 71088 71300 71756 71802 72062 72154 72250 72288 72390 72428 72427 72122",
"2017 1 Harghita 66539 66665 67017 67059 67299 67384 67472 67507 67602 67637 67637 67355",
"2017 1 Hunedoara 110063 110363 111045 111116 111521 111664 111813 111872 112033 112092 112090 111615",
"2017 1 Ialomita 44387 44533 44830 44859 45020 45077 45136 45160 45224 45247 45247 45057",
"2017 1 Iasi 159195 159788 160929 161032 161615 161821 162035 162120 162350 162435 162433 161749",
"2017 1 Ilfov 141609 142518 143905 143994 144502 144681 144868 144942 145143 145217 145215 144619",
"2017 1 Maramures 106153 106472 107155 107224 107611 105176 105314 105369 105519 105574 105572 105129",
"2017 1 Mehedinti 43370 43498 43776 43804 43964 44021 44080 44103 44166 44190 44189 44001",
"2017 1 Mures 131494 131905 132767 132852 133331 133500 133676 133746 133935 134005 134004 133441",
"2017 1 Neamt 82362 82630 83180 83233 83532 83638 83748 83791 83910 83953 83952 83601",
"2017 1 Olt 68135 68339 68779 68823 69072 69160 69252 69288 69387 69424 69423 69130",
"2017 1 Prahova 175591 176150 177312 177426 178068 178294 178530 178623 178877 178971 178969 178216",
"2017 1 SatuMare 80028 80271 80789 80841 81134 81237 81345 81388 81504 81546 81545 81202",
"2017 1 Salaj 48050 48210 48535 48566 48741 48803 48867 48893 48962 48988 48987 48782",
"2017 1 Sibiu 131165 131635 132561 132647 133132 133303 133481 133552 133744 133814 133813 133244",
"2017 1 Suceava 104445 104779 105468 105534 105911 106043 106182 106237 106385 106440 106439 105997",
"2017 1 Teleorman 54627 54795 55150 55185 55384 55454 55526 55555 55634 55663 55662 55429",
"2017 1 Timis 241057 241774 243322 243478 244360 244671 244995 245123 245472 245601 245598 244563",
"2017 1 Tulcea 45431 45559 45841 45870 46034 46092 46152 46176 46241 46265 46265 46072",
"2017 1 Vaslui 53849 54045 54426 54460 54657 54726 54798 54827 54905 54933 54933 54702",
"2017 1 Valcea 77333 77583 78097 78147 78428 78527 78631 78672 78783 78824 78823 78493",
"2017 1 Vrancea 58445 58590 58934 58971 59182 59257 59334 59365 59448 59479 59478 59231",
"2017 1 Bucuresti 974351 977799 984586 985215 988762 990013 991320 991835 993235 993752 993740 989580",
