"2017 1 Alba 1 2 1 2 2 3 3 2 2 0 2 2",
"2017 1 Arad 3 6 1 3 1 5 2 1 1 1 1 1",
"2017 1 Arges 7 4 1 1 3 1 3 2 4 2 1 2",
"2017 1 Bacau 8 2 7 3 2 1 5 4 5 4 2 3",
"2017 1 Bihor 4 3 3 1 4 2 3 2 1 4 5 3",
"2017 1 BistritaNasaud 1 2 2 2 2 2 3 3 2 3 4 2",
"2017 1 Botosani 8 0 4 7 4 5 2 4 7 2 1 3",
"2017 1 Brasov 5 3 3 3 4 6 1 8 4 1 8 1",
"2017 1 Braila 3 0 2 3 3 1 5 1 0 1 0 2",
"2017 1 Buzau 4 1 3 2 0 1 0 2 1 4 2 0",
"2017 1 CarasSeverin 3 2 2 3 1 2 1 3 2 2 2 0",
"2017 1 Calarasi 9 1 2 2 1 1 4 1 4 2 5 0",
"2017 1 Cluj 1 2 5 2 2 4 2 3 4 2 4 3",
"2017 1 Constanta 11 5 6 6 9 4 4 1 4 2 1 6",
"2017 1 Covasna 2 0 0 1 4 1 1 3 3 2 2 1",
"2017 1 Dambovita 2 6 1 1 2 5 2 1 1 5 1 3",
"2017 1 Dolj 6 2 5 5 4 4 0 1 3 1 1 3",
"2017 1 Galati 4 2 3 2 6 2 8 2 4 3 0 3",
"2017 1 Giurgiu 2 0 1 2 1 0 1 0 4 1 0 3",
"2017 1 Gorj 3 1 2 1 1 4 3 0 0 2 1 1",
"2017 1 Harghita 2 2 2 0 0 1 3 5 1 0 2 1",
"2017 1 Hunedoara 1 3 2 0 4 3 2 1 3 1 1 0",
"2017 1 Ialomita 3 0 3 3 4 1 1 1 1 0 2 0",
"2017 1 Iasi 4 6 1 4 9 7 4 6 3 5 4 6",
"2017 1 Ilfov 3 2 3 5 1 2 2 1 1 3 2 2",
"2017 1 Maramures 4 3 2 3 1 3 5 7 1 3 1 5",
"2017 1 Mehedinti 0 1 3 2 3 2 3 0 1 0 0 1",
"2017 1 Mures 2 11 1 1 4 4 5 3 4 4 0 3",
"2017 1 Neamt 5 1 0 4 0 2 2 1 2 2 2 4",
"2017 1 Olt 1 0 1 3 3 2 2 1 2 2 4 3",
"2017 1 Prahova 9 3 2 3 4 1 4 3 2 3 5 4",
"2017 1 SatuMare 3 1 2 3 1 1 3 3 2 2 3 5",
"2017 1 Salaj 2 3 1 1 5 5 5 0 2 0 2 0",
"2017 1 Sibiu 2 2 4 3 5 3 2 2 1 1 3 2",
"2017 1 Suceava 7 3 5 4 0 7 8 6 5 5 4 3",
"2017 1 Teleorman 0 2 2 4 0 0 2 1 2 2 1 0",
"2017 1 Timis 6 4 2 4 4 5 4 7 9 3 2 6",
"2017 1 Tulcea 1 0 0 0 3 0 1 1 1 2 1 3",
"2017 1 Vaslui 3 2 2 2 1 2 1 1 3 1 1 4",
"2017 1 Valcea 1 3 4 0 3 1 2 1 3 2 2 3",
"2017 1 Vrancea 5 4 3 3 5 4 2 0 2 2 2 2",
"2017 1 Bucuresti 10 5 9 5 7 3 5 14 15 8 6 6",
