"2017 1 Alba 181079 223595 227484 202695 229548 204702 222656 196629 205705 191608 230649 141536",
"2017 1 Arad 279361 282133 319049 281819 305549 284132 264032 254408 308498 311011 329867 222538",
"2017 1 Arges 492665 503751 582592 473897 561357 526866 465475 301943 524488 585979 540124 456329",
"2017 1 Bacau 41307 39297 50391 40498 51926 52336 48192 41674 49370 47486 52532 38437",
"2017 1 Bihor 127937 141795 159090 133272 157423 148868 150468 135953 161819 161192 167551 126415",
"2017 1 BistritaNasaud 66169 67376 76296 61840 75647 68301 70430 57570 75807 81172 80097 51002",
"2017 1 Botosani 23895 28598 30701 21087 30223 30533 31029 21188 27824 26184 28560 21417",
"2017 1 Brasov 246924 261570 319002 238905 294319 279831 243737 246622 294853 296273 294288 228041",
"2017 1 Braila 8135 9889 13173 9234 12981 12241 31067 44791 8583 10391 11999 8727",
"2017 1 Buzau 51468 43380 57134 42952 55620 47063 52738 52793 60016 58308 68105 53790",
"2017 1 CarasSeverin 25167 26687 32450 23463 27517 26047 20235 27410 27760 29894 29119 21389",
"2017 1 Calarasi 26612 37151 26489 25249 30615 19817 46944 22293 27783 48367 37603 18081",
"2017 1 Cluj 111160 117933 138530 117040 137224 124439 113640 118806 141298 142498 151987 106621",
"2017 1 Constanta 145947 136986 108285 187081 189395 93134 186107 216733 185739 219964 157055 170225",
"2017 1 Covasna 28058 28481 30718 24467 25223 27895 29747 24011 25698 25610 23995 19120",
"2017 1 Dambovita 45172 57554 64100 54021 59774 60335 59711 53181 63253 57560 58452 44826",
"2017 1 Dolj 91683 113435 132180 83427 124616 126528 115361 121325 58985 68439 60400 134487",
"2017 1 Galati 97254 79659 95945 89126 110580 88031 72420 83661 71341 80009 76711 60835",
"2017 1 Giurgiu 3755 5382 6829 5642 5760 5926 6205 4749 6351 8000 9401 7724",
"2017 1 Gorj 3067 3387 6609 2770 3691 6199 4119 4051 8302 4570 3820 3038",
"2017 1 Harghita 23293 23325 27119 23513 27124 26457 26258 23673 28464 27711 30072 21145",
"2017 1 Hunedoara 65140 69634 90573 66604 84038 72947 63028 54133 80357 77056 78011 46490",
"2017 1 Ialomita 12120 20451 20873 10665 12623 13724 18772 15180 15979 17140 16829 16554",
"2017 1 Iasi 62939 68288 81878 70251 79261 79662 79082 73331 86196 88558 81828 70491",
"2017 1 Ilfov 163664 205133 229906 181403 203465 189079 187602 182595 198033 218284 220059 196483",
"2017 1 Maramures 100493 106265 123242 100472 118594 109375 111180 109978 118946 121864 125049 89980",
"2017 1 Mehedinti 7993 9352 11704 8436 13319 9733 11645 6498 16322 14642 14833 10541",
"2017 1 Mures 70235 67511 87790 71455 86834 75879 70876 66198 81987 84901 91671 65072",
"2017 1 Neamt 31874 35162 40350 31180 41124 41451 36911 26843 41558 39498 41831 27512",
"2017 1 Olt 112450 116833 131752 111908 135506 121876 116869 116199 127305 124254 126876 89934",
"2017 1 Prahova 156347 169594 182554 166652 228156 200075 190476 166158 221543 211533 210271 171783",
"2017 1 SatuMare 78127 81297 92166 73190 82080 79681 80841 76727 88929 92127 91151 62643",
"2017 1 Salaj 41509 55138 52653 33279 50581 47631 55647 25306 41265 46771 38245 45826",
"2017 1 Sibiu 232153 246053 276531 224484 269188 247747 243464 219047 265845 271055 265871 195771",
"2017 1 Suceava 32177 39301 45697 38927 50774 45436 44813 42747 51677 48600 48167 35294",
"2017 1 Teleorman 14347 12077 13787 11185 11731 12118 11095 7640 10719 12511 12701 9275",
"2017 1 Timis 477962 523437 600797 480477 575035 518531 501751 484142 558010 567725 584884 415814",
"2017 1 Tulcea 7838 8660 28744 13463 13790 9259 11402 21311 12575 30873 32027 47157",
"2017 1 Vaslui 15857 13646 15158 11769 17351 14753 16019 12013 14549 14814 14495 13012",
"2017 1 Valcea 32891 34839 37853 36345 41598 37921 36677 34154 38046 39000 40562 30462",
"2017 1 Vrancea 17536 19282 21155 14860 21610 23329 25567 26562 26848 21715 24765 17456",
"2017 1 Bucuresti 732046 819265 914589 781548 832714 774344 936308 1004788 1008370 1033989 1062530 785850",
