"2017 1 Alba 18818 18963 20316 23545 32003 36216 48333 49561 32126 23879 19891 20203",
"2017 1 Arad 16913 17913 21474 26755 30320 35972 39419 44973 39319 37050 30590 22696",
"2017 1 Arges 20010 21960 21334 23180 25543 35626 49884 52260 38594 28676 22550 26344",
"2017 1 Bacau 17843 23831 23403 22608 24889 33749 42627 47458 37842 37281 27786 20503",
"2017 1 Bihor 50762 61590 57942 82397 91320 123630 166714 199335 146901 122442 111183 78428",
"2017 1 BistritaNasaud 8632 8190 10068 13331 21093 25165 31319 35419 23991 15294 13318 10252",
"2017 1 Botosani 6043 5805 6340 6706 7806 9059 9096 9350 9423 7685 7684 6957",
"2017 1 Brasov 220450 205774 134349 162826 175894 204871 262599 327714 223741 189998 158800 233563",
"2017 1 Braila 6903 7934 16204 14740 17512 26579 31861 31626 26003 25306 21152 11742",
"2017 1 Buzau 7969 8636 10410 13429 15520 19709 23419 25806 21957 21179 17449 11315",
"2017 1 CarasSeverin 24585 26340 23400 38830 58055 85990 105553 109751 75209 62734 49942 30652",
"2017 1 Calarasi 2957 2912 3729 4254 5362 4760 5427 5460 4938 4867 3404 2610",
"2017 1 Cluj 59260 65516 87562 105180 110121 116792 134585 136382 114084 111916 97167 70110",
"2017 1 Constanta 28127 43720 51264 73181 141453 569151 1518123 1660255 466662 74443 62790 40017",
"2017 1 Covasna 13576 12542 19200 29106 41042 66018 72856 71352 61036 61191 50601 29489",
"2017 1 Dambovita 9733 9538 16428 20251 21235 28079 31754 32622 27432 24717 23021 17450",
"2017 1 Dolj 15635 17271 19711 18810 19701 18780 18271 19172 20594 19183 19015 15046",
"2017 1 Galati 7495 8900 11755 13641 14989 16425 15001 15576 15956 16603 16470 10312",
"2017 1 Giurgiu 3559 3732 5569 4460 4617 4822 4624 5899 4419 4251 4779 3376",
"2017 1 Gorj 12218 13981 9118 11109 10833 15694 22415 29352 15822 12617 12448 14756",
"2017 1 Harghita 25549 26502 19238 27911 30600 50187 69299 79129 46560 37923 28334 31341",
"2017 1 Hunedoara 18700 17604 19972 23840 29329 33080 43048 43322 32261 26815 23678 23698",
"2017 1 Ialomita 1623 2751 7085 8990 12504 18364 28769 24911 25327 17441 4667 5297",
"2017 1 Iasi 31507 33497 44973 48426 51929 53337 50100 47367 47236 57275 46424 35697",
"2017 1 Ilfov 16219 17006 18576 19707 23446 22883 23635 21033 20657 22848 19774 14610",
"2017 1 Maramures 25117 22024 17922 24922 33403 33011 43656 56146 32115 28218 22225 33683",
"2017 1 Mehedinti 8918 8492 12539 18285 23598 25962 29657 34740 24801 16129 14767 9381",
"2017 1 Mures 54220 60065 60036 71462 76587 108843 135306 157659 102249 94517 85284 69017",
"2017 1 Neamt 16462 14844 16814 26775 39308 50903 70162 72177 40901 29524 21840 23188",
"2017 1 Olt 5763 4574 6450 5464 7392 6592 7157 7805 7527 7528 6673 6033",
"2017 1 Prahova 86198 80167 60577 67552 79131 100597 124245 148584 109116 95599 84993 100598",
"2017 1 SatuMare 9404 8491 8741 9507 9942 11863 13675 14744 12835 9908 9889 9619",
"2017 1 Salaj 3315 4651 7177 6940 9717 9185 10352 11779 8128 7834 7438 5679",
"2017 1 Sibiu 41568 44184 45568 58974 78675 92868 123314 133099 87935 69291 62981 74636",
"2017 1 Suceava 48492 42595 30181 46911 49912 71538 103851 124863 83751 67482 53974 66368",
"2017 1 Teleorman 1083 907 900 935 2067 2831 2161 2434 1793 1595 1050 939",
"2017 1 Timis 51628 52731 65963 68600 79637 85679 88119 88861 95729 86467 77588 58638",
"2017 1 Tulcea 2010 2456 3618 6967 16609 28096 37391 43617 29614 14124 14782 11064",
"2017 1 Vaslui 3122 3524 5046 5037 6224 6406 4958 9431 7013 6604 5387 4657",
"2017 1 Valcea 37501 43799 45602 60031 66547 126631 191482 204158 140756 147225 116601 73005",
"2017 1 Vrancea 3574 3957 3649 4646 4431 4233 6234 8161 4630 4861 4646 3904",
"2017 1 Bucuresti 198771 220958 272551 267593 311597 307187 297703 293667 324232 327522 285072 253392",
