"2017 1 Alba 77 90 40 125 217 163 404 381 328 208 82 69",
"2017 1 Arad 120 139 141 173 341 300 433 517 466 256 165 134",
"2017 1 Arges 115 110 85 274 295 387 633 657 597 369 155 96",
"2017 1 Bacau 172 151 128 204 282 280 731 970 595 305 171 192",
"2017 1 Bihor 96 162 129 234 442 335 554 526 570 341 163 112",
"2017 1 BistritaNasaud 85 72 50 117 203 153 372 357 302 164 69 52",
"2017 1 Botosani 88 110 73 129 194 171 373 541 340 185 106 159",
"2017 1 Brasov 149 159 140 241 335 359 653 677 590 327 202 130",
"2017 1 Braila 67 46 67 116 108 36 340 295 297 173 90 97",
"2017 1 Buzau 93 102 65 161 148 205 378 400 358 245 112 68",
"2017 1 CarasSeverin 74 86 84 116 160 153 259 323 252 178 115 120",
"2017 1 Calarasi 49 71 54 127 137 157 259 234 248 180 90 56",
"2017 1 Cluj 155 171 178 326 605 472 764 689 713 383 206 123",
"2017 1 Constanta 157 184 170 301 350 408 641 735 796 535 290 249",
"2017 1 Covasna 43 49 38 50 122 112 126 195 158 74 69 51",
"2017 1 Dambovita 104 97 77 220 213 292 553 609 550 250 130 84",
"2017 1 Dolj 114 128 147 264 313 338 597 686 668 409 173 120",
"2017 1 Galati 152 146 135 198 279 282 522 740 541 314 174 232",
"2017 1 Giurgiu 34 64 55 123 130 158 253 248 259 151 79 48",
"2017 1 Gorj 98 74 71 173 164 214 331 386 369 200 81 97",
"2017 1 Harghita 71 64 69 125 185 151 228 257 184 104 85 65",
"2017 1 Hunedoara 109 101 95 139 236 225 431 457 402 235 130 133",
"2017 1 Ialomita 53 49 52 101 106 118 220 236 286 183 98 57",
"2017 1 Iasi 258 260 188 386 547 527 949 1143 873 538 338 318",
"2017 1 Ilfov 84 126 129 247 317 450 510 455 501 287 171 72",
"2017 1 Maramures 168 123 86 198 286 202 520 707 412 211 125 141",
"2017 1 Mehedinti 74 53 71 146 123 134 261 302 244 151 99 91",
"2017 1 Mures 124 128 106 204 353 284 484 498 419 279 131 131",
"2017 1 Neamt 97 113 72 136 256 208 539 791 454 234 110 91",
"2017 1 Olt 79 59 60 151 196 169 325 452 392 256 121 73",
"2017 1 Prahova 154 164 162 364 318 454 776 723 759 453 253 141",
"2017 1 SatuMare 83 87 82 157 199 167 346 544 229 150 84 136",
"2017 1 Salaj 56 59 49 95 158 100 221 205 194 140 60 35",
"2017 1 Sibiu 89 128 98 192 254 272 477 396 408 276 148 112",
"2017 1 Suceava 248 243 136 244 445 299 957 1165 742 374 181 240",
"2017 1 Teleorman 38 53 45 134 156 171 219 285 276 133 74 37",
"2017 1 Timis 213 216 266 383 459 491 421 828 611 845 359 416",
"2017 1 Tulcea 36 48 30 88 78 78 149 202 193 130 64 45",
"2017 1 Vaslui 150 125 127 175 204 175 334 525 360 229 136 211",
"2017 1 Valcea 40 52 42 71 121 119 248 210 206 116 68 51",
"2017 1 Vrancea 58 61 66 134 125 133 273 519 285 190 95 83",
"2017 1 Bucuresti 584 1025 1470 2195 2108 2402 2728 2551 3228 2382 1960 1621",
