"2017 1 Alba 243 215 253 217 275 242 259 305 287 255 236 224",
"2017 1 Arad 359 283 323 237 335 345 379 382 406 321 304 319",
"2017 1 Arges 422 394 443 369 425 412 515 515 470 535 404 418",
"2017 1 Bacau 470 371 425 391 462 508 506 651 570 551 524 460",
"2017 1 Bihor 435 409 444 384 469 511 533 608 528 575 471 479",
"2017 1 BistritaNasaud 235 218 237 229 290 261 274 355 295 325 230 242",
"2017 1 Botosani 314 247 265 242 315 297 387 417 342 367 265 279",
"2017 1 Brasov 452 419 458 419 551 492 532 601 531 569 538 429",
"2017 1 Braila 189 177 171 153 193 164 233 227 207 239 178 176",
"2017 1 Buzau 261 272 277 217 313 298 312 351 329 273 311 282",
"2017 1 CarasSeverin 193 135 146 137 180 165 200 219 214 219 159 165",
"2017 1 Calarasi 222 180 173 161 225 205 246 296 260 226 194 204",
"2017 1 Cluj 520 481 553 500 626 599 659 704 622 640 566 569",
"2017 1 Constanta 546 456 551 422 625 584 668 711 660 633 602 508",
"2017 1 Covasna 204 155 167 139 189 144 198 201 220 204 166 154",
"2017 1 Dambovita 328 282 347 294 373 324 430 464 412 407 335 360",
"2017 1 Dolj 452 381 420 356 482 452 502 612 556 484 487 443",
"2017 1 Galati 332 319 367 278 409 390 390 549 446 474 386 350",
"2017 1 Giurgiu 175 180 223 171 200 165 191 236 217 230 182 178",
"2017 1 Gorj 227 189 188 165 226 224 238 288 262 251 218 203",
"2017 1 Harghita 271 221 236 220 266 270 304 295 271 306 233 228",
"2017 1 Hunedoara 246 211 263 204 261 276 329 333 333 320 280 236",
"2017 1 Ialomita 175 152 212 130 217 224 232 278 270 238 172 196",
"2017 1 Iasi 752 558 597 520 702 763 800 910 866 829 755 710",
"2017 1 Ilfov 382 350 490 337 389 436 450 496 453 449 377 444",
"2017 1 Maramures 379 285 306 296 387 360 445 539 416 389 356 345",
"2017 1 Mehedinti 173 135 106 154 165 171 224 207 206 174 152 142",
"2017 1 Mures 490 394 455 423 496 437 528 566 541 579 471 416",
"2017 1 Neamt 319 297 338 289 400 364 401 452 388 415 305 339",
"2017 1 Olt 294 224 229 176 265 279 289 367 310 296 253 229",
"2017 1 Prahova 536 434 503 415 535 542 597 653 608 591 524 483",
"2017 1 SatuMare 243 233 233 210 258 234 363 442 309 330 278 350",
"2017 1 Salaj 218 170 179 156 242 177 237 245 239 227 194 190",
"2017 1 Sibiu 349 323 378 333 393 386 416 451 418 389 381 299",
"2017 1 Suceava 632 438 574 493 629 633 739 948 759 701 580 520",
"2017 1 Teleorman 205 184 207 172 191 204 228 268 229 258 214 199",
"2017 1 Timis 583 477 558 433 612 544 588 683 695 703 601 572",
"2017 1 Tulcea 147 135 125 113 144 122 153 181 194 172 138 149",
"2017 1 Vaslui 341 259 247 288 307 284 356 464 418 355 296 308",
"2017 1 Valcea 190 195 220 186 255 220 255 296 290 242 219 214",
"2017 1 Vrancea 235 238 212 208 270 252 309 394 302 291 222 193",
"2017 1 Bucuresti 1357 1340 1952 1216 1506 1544 1715 1952 1807 1967 1562 1923",
