"2018 1 Alba 393 329 446 355 343 344 351 355 296 346 364 489",
"2018 1 Arad 564 510 550 481 466 400 451 504 402 514 465 558",
"2018 1 Arges 710 647 701 604 610 592 579 599 590 693 636 742",
"2018 1 Bacau 812 861 906 726 730 652 617 685 638 761 779 902",
"2018 1 Bihor 697 684 728 616 610 532 519 589 576 681 609 673",
"2018 1 BistritaNasaud 315 317 344 260 280 244 259 258 260 264 280 310",
"2018 1 Botosani 516 500 628 481 453 432 440 452 406 494 525 648",
"2018 1 Brasov 582 557 577 553 537 473 538 507 458 551 523 625",
"2018 1 Braila 474 363 450 424 339 383 383 382 375 443 392 459",
"2018 1 Buzau 629 628 672 585 590 522 472 521 489 606 554 645",
"2018 1 CarasSeverin 374 346 416 330 329 267 294 310 308 389 325 398",
"2018 1 Calarasi 390 395 437 376 341 315 339 333 326 360 394 456",
"2018 1 Cluj 729 703 796 676 692 564 656 650 569 736 702 692",
"2018 1 Constanta 699 657 771 698 682 615 665 679 610 769 720 809",
"2018 1 Covasna 233 250 281 213 215 199 250 210 175 231 228 259",
"2018 1 Dambovita 615 578 648 535 475 469 479 481 449 601 533 577",
"2018 1 Dolj 829 826 942 801 711 662 745 760 709 828 841 807",
"2018 1 Galati 677 640 698 678 593 564 570 551 497 642 595 672",
"2018 1 Giurgiu 408 425 431 331 337 316 287 344 305 400 347 416",
"2018 1 Gorj 348 353 403 321 350 284 295 309 254 378 327 389",
"2018 1 Harghita 301 367 360 321 296 260 300 282 272 340 302 381",
"2018 1 Hunedoara 502 486 581 454 482 453 463 482 428 548 455 552",
"2018 1 Ialomita 358 310 428 315 301 274 299 300 260 295 306 407",
"2018 1 Iasi 954 847 914 779 790 658 658 701 639 819 816 876",
"2018 1 Ilfov 351 353 390 364 305 302 323 326 266 356 388 405",
"2018 1 Maramures 527 499 567 478 494 391 477 425 433 509 484 521",
"2018 1 Mehedinti 328 358 315 329 289 290 264 291 260 348 290 382",
"2018 1 Mures 633 657 664 541 578 529 602 548 474 630 567 663",
"2018 1 Neamt 656 652 692 610 563 511 599 486 513 668 547 707",
"2018 1 Olt 594 530 619 540 510 502 464 480 435 515 562 589",
"2018 1 Prahova 937 826 979 870 806 832 818 809 732 932 831 952",
"2018 1 SatuMare 414 399 431 357 341 305 381 364 309 397 335 413",
"2018 1 Salaj 272 288 314 261 243 233 237 237 239 274 234 273",
"2018 1 Sibiu 388 412 428 443 376 319 358 392 328 421 413 423",
"2018 1 Suceava 752 717 741 672 646 556 609 642 572 754 632 759",
"2018 1 Teleorman 576 530 601 522 483 444 477 469 437 567 558 612",
"2018 1 Timis 503 689 646 582 564 568 513 527 578 577 508 1317",
"2018 1 Tulcea 282 279 263 318 247 251 255 253 274 211 271 304",
"2018 1 Vaslui 538 542 615 470 463 396 456 409 345 523 507 551",
"2018 1 Valcea 330 295 335 262 288 213 284 261 235 332 312 362",
"2018 1 Vrancea 443 405 434 383 395 371 347 379 351 459 423 450",
"2018 1 Bucuresti 1993 1834 2042 1775 1777 1698 1781 1900 1717 2021 1857 2133",
