"2018 1 Alba 17186 17023 18256 23360 30154 36144 46409 56314 36404 29035",
"2018 1 Arad 19427 19737 23004 24866 32157 35615 42610 46219 39182 35032",
"2018 1 Arges 21970 23677 24465 25534 28513 33272 48585 53817 39702 28438",
"2018 1 Bacau 15972 18085 17832 22395 28042 34030 39150 53517 40366 41123",
"2018 1 Bihor 66520 61300 71972 82782 100943 145676 203180 228748 175031 160017",
"2018 1 BistritaNasaud 8199 7760 10032 11473 14748 17425 24926 35643 24046 14154",
"2018 1 Botosani 5536 4621 5303 5939 5795 7589 7969 9887 9256 6934",
"2018 1 Brasov 233925 213648 152709 166700 183411 202526 279409 351621 253957 219898",
"2018 1 Braila 7867 8551 13004 14805 17082 24732 31342 34469 29142 27232",
"2018 1 Buzau 9556 9267 11115 12922 14512 17308 22861 27754 24399 19050",
"2018 1 CarasSeverin 21879 20583 23347 36458 47579 72106 109776 123860 92220 84128",
"2018 1 Calarasi 2786 8820 3975 3350 4291 3688 4137 5091 3957 4536",
"2018 1 Cluj 63377 67227 86198 90170 109170 110024 142505 137833 116018 117236",
"2018 1 Constanta 33051 40038 50377 74497 112661 564050 1538779 1850083 552578 81453",
"2018 1 Covasna 15861 15260 24328 28905 37442 52734 72925 76657 63914 69077",
"2018 1 Dambovita 14582 15846 17141 19548 23479 26800 31077 31667 26042 27260",
"2018 1 Dolj 14715 15060 17298 16691 18875 19562 18813 20752 21427 18792",
"2018 1 Galati 8999 11136 12062 12073 15169 17697 13819 14362 16187 15546",
"2018 1 Giurgiu 4356 4012 4700 4393 4090 4262 4490 3902 3238 3900",
"2018 1 Gorj 17455 15291 12013 11401 12807 13934 21412 30084 18055 13776",
"2018 1 Harghita 29433 25849 22374 31460 39112 41821 51978 82550 45415 43503",
"2018 1 Hunedoara 19101 17888 20370 22183 29987 32624 46069 50625 37532 33600",
"2018 1 Ialomita 2119 1890 2373 7453 5979 24271 29957 33996 28034 26383",
"2018 1 Iasi 27700 29455 40837 42773 53461 51630 54347 58361 57175 60826",
"2018 1 Ilfov 16733 19088 23509 20705 24739 25036 24936 27059 27367 28248",
"2018 1 Maramures 30728 25826 24230 32983 36234 35861 55425 70914 39867 38180",
"2018 1 Mehedinti 7223 7165 11151 13923 18640 22664 26833 33934 23833 18537",
"2018 1 Mures 66680 66841 64307 76556 78629 91858 133327 136159 99119 95291",
"2018 1 Neamt 15595 13953 17821 28420 36383 46028 65700 84317 47551 37332",
"2018 1 Olt 6636 6653 6230 4857 5499 5926 5045 7394 8175 5524",
"2018 1 Prahova 98880 88701 69200 80236 93760 104327 139215 166566 124272 114114",
"2018 1 SatuMare 8065 8620 8953 9941 9940 11651 14224 15236 12537 11669",
"2018 1 Salaj 3187 3584 6184 6343 8414 7605 10279 11929 9182 8901",
"2018 1 Sibiu 47989 42185 46122 57060 70977 86839 104586 129836 94719 77631",
"2018 1 Suceava 46130 44823 33332 49497 57461 81459 114357 138905 98110 84235",
"2018 1 Teleorman 872 1521 1198 1274 1367 1604 2079 2985 1928 1467",
"2018 1 Timis 53593 55014 65370 65318 77565 87298 90711 91955 89197 83287",
"2018 1 Tulcea 10650 9292 6723 15904 30791 55632 74496 89535 50729 18990",
"2018 1 Vaslui 3676 3849 4184 4543 6543 5882 6877 8016 7343 7343",
"2018 1 Valcea 47998 48244 69096 73978 75440 120861 190094 212693 162682 159194",
"2018 1 Vrancea 4849 4366 4588 4411 5562 5527 9794 10249 6991 6124",
"2018 1 Bucuresti 210507 221970 276005 267571 318676 314862 302903 295447 325032 320769",
