"2018 1 Alba 1 1 2 2 0 1 0 2 1 4 0",
"2018 1 Arad 3 3 0 1 1 1 1 1 2 2 3",
"2018 1 Arges 3 3 2 3 7 3 1 1 2 7 5",
"2018 1 Bacau 6 4 7 6 3 4 1 2 3 5 6",
"2018 1 Bihor 1 1 4 4 5 4 1 2 5 8 1",
"2018 1 BistritaNasaud 2 1 3 1 3 0 2 1 3 1 1",
"2018 1 Botosani 8 1 5 3 3 4 1 1 1 5 6",
"2018 1 Brasov 2 3 5 2 3 5 4 4 4 2 4",
"2018 1 Braila 6 2 0 3 0 1 3 2 1 3 1",
"2018 1 Buzau 1 1 2 3 3 4 0 2 1 3 4",
"2018 1 CarasSeverin 3 2 0 1 2 2 3 1 1 2 2",
"2018 1 Calarasi 2 2 2 3 3 5 0 3 1 3 4",
"2018 1 Cluj 4 5 3 0 5 3 1 7 3 3 4",
"2018 1 Constanta 1 4 3 4 6 1 5 3 3 3 6",
"2018 1 Covasna 1 3 1 2 1 1 3 3 1 2 0",
"2018 1 Dambovita 0 0 1 0 1 0 1 0 3 1 3",
"2018 1 Dolj 7 2 4 1 5 4 3 2 3 0 2",
"2018 1 Galati 5 1 1 2 4 4 0 0 3 3 1",
"2018 1 Giurgiu 0 0 0 0 3 0 0 1 3 1 1",
"2018 1 Gorj 2 1 1 0 0 2 3 1 5 1 0",
"2018 1 Harghita 5 2 1 0 4 4 1 0 0 1 0",
"2018 1 Hunedoara 0 4 1 1 4 3 0 1 0 1 2",
"2018 1 Ialomita 1 0 0 2 1 1 0 1 2 3 4",
"2018 1 Iasi 6 4 5 2 4 2 3 1 8 1 2",
"2018 1 Ilfov 2 1 0 3 1 3 4 3 2 1 1",
"2018 1 Maramures 2 3 3 1 4 4 2 3 3 1 3",
"2018 1 Mehedinti 1 0 1 2 0 1 1 1 1 1 0",
"2018 1 Mures 4 5 2 1 5 2 1 4 3 3 3",
"2018 1 Neamt 5 0 3 5 4 6 3 5 2 1 1",
"2018 1 Olt 2 3 1 1 1 1 1 3 2 1 0",
"2018 1 Prahova 6 3 2 3 3 5 3 3 3 3 3",
"2018 1 SatuMare 1 3 1 4 3 0 0 2 2 4 2",
"2018 1 Salaj 2 3 5 1 1 0 2 6 2 1 2",
"2018 1 Sibiu 1 2 1 0 5 4 2 2 3 2 1",
"2018 1 Suceava 1 5 6 9 10 7 8 4 3 9 3",
"2018 1 Teleorman 2 1 0 3 1 1 1 1 3 0 2",
"2018 1 Timis 0 4 2 6 1 4 3 1 2 3 1",
"2018 1 Tulcea 3 1 2 2 1 2 3 2 3 3 0",
"2018 1 Vaslui 2 1 2 1 2 3 3 3 2 2 2",
"2018 1 Valcea 3 1 0 2 4 1 1 2 0 1 2",
"2018 1 Vrancea 1 4 0 1 4 2 3 4 1 1 2",
"2018 1 Bucuresti 5 3 8 4 8 6 8 6 7 7 6",
