"2018 1 Alba 174210 168568 209506 162570 169349 209785 183346 164203 172214 195502 176754 130275",
"2018 1 Arad 261027 259338 283144 252820 285833 278156 256431 227231 256173 301101 269419 215103",
"2018 1 Arges 388677 397198 418862 397481 428056 414990 397525 236427 404492 457464 431712 376293",
"2018 1 Bacau 59943 62035 74147 67434 79970 81313 84749 72164 71329 87288 63113 62274",
"2018 1 Bihor 148754 143557 154155 147379 164903 161074 171961 139236 151575 191524 165940 131865",
"2018 1 BistritaNasaud 53847 56655 61547 52915 53400 61526 65062 47713 59980 72204 61362 45741",
"2018 1 Botosani 21944 21484 26320 22229 25185 26370 24047 13405 22482 28177 24441 18103",
"2018 1 Brasov 250031 256699 282704 253685 274792 283548 272207 246330 260528 296754 274299 225068",
"2018 1 Braila 12262 12694 23398 19244 18162 20316 15904 13008 11702 14500 13956 15317",
"2018 1 Buzau 37252 29999 55335 61371 39866 35741 42900 33030 36987 46433 53960 55901",
"2018 1 CarasSeverin 18891 17592 19750 20121 23711 21839 20755 24481 23981 28178 28351 22612",
"2018 1 Calarasi 19932 23636 27859 23374 29171 33723 30466 25837 25930 28580 23802 22029",
"2018 1 Cluj 196735 205603 225612 210127 236900 242525 245096 231769 241432 275439 244308 208761",
"2018 1 Constanta 260317 245396 236331 198185 333776 336733 280389 380395 196990 343797 192627 223721",
"2018 1 Covasna 23415 21827 26826 21813 27807 23951 26002 21591 22940 28214 26289 23926",
"2018 1 Dambovita 39461 48675 57520 46855 60772 62491 68241 68201 54988 67267 59041 42478",
"2018 1 Dolj 162959 172765 193819 139582 196350 192401 187607 143823 204916 218759 198709 144273",
"2018 1 Galati 97647 85820 114188 87061 93858 111373 131593 117500 110725 120451 104640 114536",
"2018 1 Giurgiu 11512 14989 16105 14688 16141 20772 15867 12484 14810 17315 14024 13862",
"2018 1 Gorj 2641 2684 2656 3573 4822 4109 5003 3498 4673 5697 5502 3302",
"2018 1 Harghita 30126 29435 33887 33232 39521 41338 41721 32194 37549 44872 43348 32396",
"2018 1 Hunedoara 52088 52326 62040 51506 55764 59740 51027 41133 53831 66353 54728 42521",
"2018 1 Ialomita 11384 12288 15236 12907 15041 18363 25239 20153 14973 17909 18831 15372",
"2018 1 Iasi 67242 73716 74997 72152 82196 77224 89860 76477 82939 99125 95950 81977",
"2018 1 Ilfov 496646 519951 609467 584890 611451 666788 636471 545262 567957 670862 640841 528299",
"2018 1 Maramures 75317 77716 88562 81463 89224 86074 90360 81289 76121 93699 94575 64914",
"2018 1 Mehedinti 7983 6936 9483 6844 8580 6046 7272 5091 7551 8269 7015 6181",
"2018 1 Mures 97392 105532 118310 92512 106485 102650 102479 101491 121105 139779 114366 118788",
"2018 1 Neamt 28817 31609 37281 34118 37468 39344 44280 34056 36741 40802 38194 34900",
"2018 1 Olt 68123 60654 74789 73697 77544 69676 72535 69101 72074 71072 70384 60686",
"2018 1 Prahova 315939 282594 323388 287327 332008 317395 317821 310831 318352 383828 342837 284915",
"2018 1 SatuMare 81793 82655 89536 80821 91879 90487 101834 81770 97067 104955 87492 63867",
"2018 1 Salaj 28452 27942 27557 26295 33239 31804 28737 28835 31584 35288 33062 25874",
"2018 1 Sibiu 203788 208441 225500 193472 219353 216662 224609 193712 217412 251524 224262 179622",
"2018 1 Suceava 42357 48095 59136 49439 62556 60662 57306 55369 55868 63252 66147 55718",
"2018 1 Teleorman 12069 11881 15555 15594 15262 20992 19683 17591 15854 20546 16126 12135",
"2018 1 Timis 428078 471277 516381 447225 500816 488548 495596 497603 527372 612820 560529 437982",
"2018 1 Tulcea 30013 25651 39409 22193 30275 25093 30466 28017 21060 22522 16167 21605",
"2018 1 Vaslui 10743 10765 12280 11128 14121 15115 15311 10598 10828 16032 13491 10723",
"2018 1 Valcea 23649 22852 27600 24343 30611 31020 28995 26492 27916 34160 33294 28006",
"2018 1 Vrancea 18758 21898 24011 23499 28597 23013 31306 18045 20677 24736 24359 17215",
"2018 1 Bucuresti 1784292 1862538 2127445 1775405 2037744 2024855 2076989 1971123 1994683 2499635 2393776 2020451",
