"2018 1 Alba 93175 93840 94497 94588 94771 94940 95053 94933 94993 95058",
"2018 1 Arad 134294 135219 136132 136264 136527 136770 136934 136760 136848 136942",
"2018 1 Arges 156896 158247 159584 159737 160041 160323 160513 160312 160413 160522",
"2018 1 Bacau 110999 111806 112604 112712 112926 113126 113259 113118 113189 113266",
"2018 1 Bihor 172282 173854 175411 175577 175907 176214 176419 176201 176311 176429",
"2018 1 BistritaNasaud 70307 70868 71424 71492 71629 71756 71840 71750 71796 71844",
"2018 1 Botosani 55483 55773 56057 56112 56221 56322 56390 56318 56354 56393",
"2018 1 Brasov 185530 187304 189060 189242 189602 189936 190160 189922 190042 190171",
"2018 1 Braila 71834 72227 72613 72684 72824 72954 73041 72948 72995 73045",
"2018 1 Buzau 83603 84176 84742 84823 84984 85133 85234 85127 85181 85238",
"2018 1 CarasSeverin 55170 55485 55794 55848 55955 56054 56120 56050 56085 56124",
"2018 1 Calarasi 44163 44430 44693 44736 44821 44900 44953 44897 44925 44955",
"2018 1 Cluj 242270 249942 252593 252831 253303 253742 254036 253724 253881 254050",
"2018 1 Constanta 181036 182666 184279 184454 184800 185122 185338 185109 185224 185348",
"2018 1 Covasna 50360 50618 50871 50921 51020 51113 51174 51109 51142 51177",
"2018 1 Dambovita 81166 81797 82420 82500 82658 82805 82904 82799 82852 82908",
"2018 1 Dolj 131830 132797 133751 133878 134131 134366 134523 134356 134440 134531",
"2018 1 Galati 116071 116874 117668 117780 118004 118211 118350 118202 118277 118357",
"2018 1 Giurgiu 35793 36153 36510 36544 36613 36676 36719 36673 36696 36721",
"2018 1 Gorj 72872 73395 73912 73984 74126 74258 74346 74252 74300 74350",
"2018 1 Harghita 69185 69666 70140 70208 70341 70465 70548 70460 70505 70552",
"2018 1 Hunedoara 109726 110479 111222 111330 111546 111745 111879 111737 111809 111886",
"2018 1 Ialomita 45097 45353 45605 45649 45736 45817 45872 45814 45843 45874",
"2018 1 Iasi 168493 169804 171100 171265 171594 171899 172103 171886 171996 172113",
"2018 1 Ilfov 149801 151549 153284 153427 153710 153974 154150 153963 154057 154158",
"2018 1 Maramures 107245 108233 109211 109316 109524 109717 109846 109709 109778 109852",
"2018 1 Mehedinti 44167 44472 44773 44816 44903 44984 45038 44981 45010 45041",
"2018 1 Mures 136491 137530 138557 138691 138956 139202 139367 139192 139280 139375",
"2018 1 Neamt 84782 85167 85753 85835 85999 86150 86463 86355 86409 86468",
"2018 1 Olt 71359 71879 72392 72462 72602 72731 72818 72726 72772 72822",
"2018 1 Prahova 179566 180940 182299 182475 182824 183149 183366 183135 183251 183376",
"2018 1 SatuMare 82841 83578 84307 84388 84549 84699 84800 84693 84747 84804",
"2018 1 Salaj 50533 50898 51258 51307 51406 51497 51558 51493 51526 51561",
"2018 1 Sibiu 135820 136904 137976 138110 138378 138626 138792 138616 138704 138800",
"2018 1 Suceava 107548 108447 109336 109440 109647 109838 109967 109830 109899 109973",
"2018 1 Teleorman 55332 55640 55943 55997 56104 56203 56270 56199 56235 56273",
"2018 1 Timis 247063 249188 251290 251532 252013 252460 252759 252441 252601 252773",
"2018 1 Tulcea 47017 47331 47641 47687 47777 47862 47918 47858 47888 47921",
"2018 1 Vaslui 55298 55708 56114 56168 56275 56375 56442 56371 56406 56406",
"2018 1 Valcea 78303 78892 79474 79550 79702 79843 79937 79837 79887 79941",
"2018 1 Vrancea 59435 59856 60271 60329 60443 60549 60620 60545 60583 60624",
"2018 1 Bucuresti 992928 1002406 1011802 1012762 1014682 1016466 1017659 1016394 1017024 1017713",
