"2018 1 Alba 84 72 44 155 212 184 297 348 337 207 102 101",
"2018 1 Arad 114 143 142 181 323 355 422 506 421 267 169 140",
"2018 1 Arges 107 103 97 283 298 386 604 688 646 399 189 134",
"2018 1 Bacau 206 182 185 276 370 332 644 941 604 288 182 186",
"2018 1 Bihor 99 141 138 283 418 397 539 534 583 330 215 159",
"2018 1 BistritaNasaud 105 82 55 149 234 152 323 382 307 161 85 66",
"2018 1 Botosani 118 115 66 165 208 214 383 557 387 184 97 165",
"2018 1 Brasov 126 173 182 258 327 406 550 652 524 321 216 154",
"2018 1 Braila 52 69 65 130 120 155 182 313 274 182 112 69",
"2018 1 Buzau 69 91 59 159 173 230 303 390 383 221 122 79",
"2018 1 CarasSeverin 90 89 93 107 161 176 252 287 264 163 128 98",
"2018 1 Calarasi 59 55 57 134 122 189 226 214 246 171 120 50",
"2018 1 Cluj 106 187 176 364 621 544 721 657 665 392 208 101",
"2018 1 Constanta 146 157 191 357 406 472 597 795 789 505 306 252",
"2018 1 Covasna 48 63 39 77 127 124 127 179 155 90 57 48",
"2018 1 Dambovita 75 87 98 179 184 287 494 515 492 262 124 104",
"2018 1 Dolj 124 123 158 274 338 362 516 674 686 376 182 111",
"2018 1 Galati 140 113 112 227 253 295 450 779 558 317 210 201",
"2018 1 Giurgiu 48 53 42 127 147 181 276 285 279 205 108 78",
"2018 1 Gorj 106 72 63 174 155 184 293 416 339 177 97 74",
"2018 1 Harghita 60 74 70 146 159 205 189 243 176 110 79 69",
"2018 1 Hunedoara 111 144 108 202 274 277 390 460 423 261 167 142",
"2018 1 Ialomita 38 68 56 132 103 158 178 232 258 160 99 69",
"2018 1 Iasi 246 294 237 449 608 553 954 1113 931 563 376 317",
"2018 1 Ilfov 80 133 118 260 258 480 441 495 506 285 187 83",
"2018 1 Maramures 180 120 87 237 291 235 496 709 371 218 150 126",
"2018 1 Mehedinti 72 53 85 132 126 165 225 322 241 197 80 70",
"2018 1 Mures 104 140 147 256 385 303 446 477 453 253 119 134",
"2018 1 Neamt 106 108 106 140 253 199 518 726 472 207 98 105",
"2018 1 Olt 72 73 62 189 181 200 330 411 433 273 121 81",
"2018 1 Prahova 145 160 160 370 340 485 678 653 756 430 222 147",
"2018 1 SatuMare 71 78 73 161 175 184 292 519 235 157 88 139",
"2018 1 Salaj 39 41 56 115 164 151 213 210 188 126 65 48",
"2018 1 Sibiu 90 125 129 209 282 279 385 405 423 209 151 108",
"2018 1 Suceava 247 196 151 304 431 296 910 1084 734 381 220 224",
"2018 1 Teleorman 53 60 54 146 174 200 240 326 286 191 109 55",
"2018 1 Timis 173 197 277 393 452 589 590 414 818 317 497 418",
"2018 1 Tulcea 45 35 46 52 76 76 91 135 211 165 103 38",
"2018 1 Vaslui 153 128 130 182 175 165 298 505 308 190 118 168",
"2018 1 Valcea 73 49 49 95 80 111 147 256 209 128 84 60",
"2018 1 Vrancea 60 94 51 118 118 147 254 493 311 146 102 76",
"2018 1 Bucuresti 1386 1544 1858 2420 1992 2204 2127 2428 2513 2961 786 2152",
