"2018 1 Alba 8728 8674 10675 12797 17520 20369 23158 27352 19784",
"2018 1 Arad 13224 12824 14374 15280 18805 19320 23502 26389 20643",
"2018 1 Arges 13693 13726 14484 16466 17848 21651 29965 35312 25817",
"2018 1 Bacau 7964 8488 9088 11315 12807 13180 14330 19465 14678",
"2018 1 Bihor 32624 28559 32721 36880 42789 50927 64853 78540 54483",
"2018 1 BistritaNasaud 5276 5123 6973 7804 10177 11234 13612 17637 12452",
"2018 1 Botosani 3676 3013 3508 3728 3647 4284 4430 5011 4481",
"2018 1 Brasov 107046 103591 81660 88413 102660 110831 135622 164030 134899",
"2018 1 Braila 4314 4065 4719 5274 5897 7336 9914 10821 8698",
"2018 1 Buzau 4940 4842 5494 6120 7742 8411 10160 12056 10917",
"2018 1 CarasSeverin 9075 8497 9113 14428 18389 21528 30513 35575 25041",
"2018 1 Calarasi 1155 1182 1407 1485 1857 1756 2135 2335 2136",
"2018 1 Cluj 34858 36910 46802 49522 62207 59512 69151 70283 64856",
"2018 1 Constanta 14949 15793 19244 30546 43025 165573 371344 446207 141960",
"2018 1 Covasna 6121 6145 7273 7995 9418 10390 13519 15807 11908",
"2018 1 Dambovita 14949 15793 19244 30546 43025 165573 371344 446207 141960",
"2018 1 Dolj 8386 8355 8816 9065 10351 10387 10070 11052 11590",
"2018 1 Galati 5339 5675 6598 7449 8985 9671 8145 9212 9334",
"2018 1 Giurgiu 1905 1830 1930 2293 2619 2908 2802 2691 2037",
"2018 1 Gorj 8837 7874 5995 6554 7432 7930 12295 18481 11270",
"2018 1 Harghita 14455 12471 11009 15276 19364 19489 24335 32752 19822",
"2018 1 Hunedoara 12662 10847 11478 12449 15341 16726 22124 24174 17753",
"2018 1 Ialomita 1669 1309 1882 2651 2773 6124 5890 6246 4952",
"2018 1 Iasi 18303 19081 24114 24927 31824 29495 30725 33149 34511",
"2018 1 Ilfov 11990 12832 15792 14449 17002 17828 18027 20160 20243",
"2018 1 Maramures 17332 13426 14302 18265 22559 21104 29612 36130 22175",
"2018 1 Mehedinti 3846 3720 4748 7114 9123 10553 11962 15972 11257",
"2018 1 Mures 32394 33253 38296 44801 47755 48450 64604 68643 59525",
"2018 1 Neamt 10615 9439 11409 15881 20853 23757 31456 45064 25752",
"2018 1 Olt 3055 2910 2682 2665 2400 2529 2267 2643 3997",
"2018 1 Prahova 45859 42600 36677 37921 42199 45591 56338 65152 52655",
"2018 1 SatuMare 6448 6814 7114 7425 7430 8741 10830 10823 9298",
"2018 1 Salaj 1888 1868 2335 3038 3664 3382 4776 4981 3952",
"2018 1 Sibiu 27563 27182 30308 36159 46982 51201 64630 80502 62567",
"2018 1 Suceava 24867 24187 20215 27079 33414 38668 49463 62764 43207",
"2018 1 Teleorman 638 584 806 816 966 853 989 1341 1114",
"2018 1 Timis 24137 24777 29016 28425 35104 37403 36016 37923 35219",
"2018 1 Tulcea 5156 3533 3523 7212 15214 23659 30097 38844 24424",
"2018 1 Vaslui 2834 2740 2754 3218 4403 4118 4306 5563 4783",
"2018 1 Valcea 25215 19942 23503 25641 26968 32700 43256 50649 38722",
"2018 1 Vrancea 3060 2939 3185 3052 3830 3924 5462 6025 4753",
"2018 1 Bucuresti 128414 136825 168675 163981 199138 194323 185228 178079 199381",
