"2018 1 Alba 37 41 60 53 79 78 82 67",
"2018 1 Arad 38 88 91 106 76 111 80 135",
"2018 1 Arges 59 109 133 149 195 167 173 154",
"2018 1 Bacau 63 58 97 98 99 108 118 106",
"2018 1 Bihor 44 47 114 100 128 120 108 123",
"2018 1 BistritaNasaud 30 44 51 65 88 76 67 87",
"2018 1 Botosani 27 49 61 38 58 47 14 74",
"2018 1 Brasov 31 56 87 70 148 92 113 73",
"2018 1 Braila 28 15 32 34 67 47 54 46",
"2018 1 Buzau 20 28 41 37 56 60 49 51",
"2018 1 CarasSeverin 9 10 20 13 21 21 17 21",
"2018 1 Calarasi 18 24 21 36 33 44 53 33",
"2018 1 Cluj 73 113 138 133 231 176 224 177",
"2018 1 Constanta 92 82 123 119 143 177 156 168",
"2018 1 Covasna 7 13 4 13 27 32 20 22",
"2018 1 Dambovita 77 75 107 138 142 136 158 127",
"2018 1 Dolj 47 104 112 104 114 123 141 116",
"2018 1 Galati 59 99 91 92 102 127 96 128",
"2018 1 Giurgiu 49 36 58 43 70 90 63 64",
"2018 1 Gorj 25 36 32 57 58 61 51 46",
"2018 1 Harghita 14 21 30 38 43 38 34 35",
"2018 1 Hunedoara 13 20 24 21 54 34 27 28",
"2018 1 Ialomita 18 19 40 53 52 55 50 41",
"2018 1 Iasi 129 172 194 182 235 232 245 213",
"2018 1 Ilfov 195 399 319 511 442 461 757 381",
"2018 1 Maramures 36 72 73 110 117 94 49 129",
"2018 1 Mehedinti 24 31 20 25 29 39 29 35",
"2018 1 Mures 36 57 69 68 69 79 80 65",
"2018 1 Neamt 45 61 84 81 102 76 105 96",
"2018 1 Olt 31 34 51 55 73 72 47 68",
"2018 1 Prahova 57 81 93 126 118 158 138 124",
"2018 1 SatuMare 58 36 70 66 67 97 78 80",
"2018 1 Salaj 22 23 38 34 47 39 51 35",
"2018 1 Sibiu 40 41 67 51 77 60 68 57",
"2018 1 Suceava 123 176 194 212 247 209 242 241",
"2018 1 Teleorman 20 12 16 13 26 16 33 34",
"2018 1 Timis 162 180 256 275 387 278 281 298",
"2018 1 Tulcea 7 8 15 16 23 23 14 20",
"2018 1 Vaslui 31 28 44 152 62 50 46 41",
"2018 1 Valcea 39 48 59 51 61 43 53 67",
"2018 1 Vrancea 35 39 80 61 88 92 85 87",
"2018 1 Bucuresti 41 40 74 36 81 95 81 66",
