"2018 1 Alba 2201 2325 2403 2384 2401 2400 2520 2456 2470 2490 2567 2702",
"2018 1 Arad 2196 2189 2299 2315 2324 2408 2318 2287 2326 2337 2400 2521",
"2018 1 Arges 2282 2271 2356 2566 2626 2518 2654 2422 2431 2457 2483 2678",
"2018 1 Bacau 2213 2138 2379 2300 2417 2391 2345 2490 2383 2402 2565 2731",
"2018 1 Bihor 2009 2018 2154 2154 2195 2207 2209 2191 2203 2230 2267 2306",
"2018 1 BistritaNasaud 2000 1935 2105 2077 2106 2115 2113 2078 2111 2147 2203 2180",
"2018 1 Botosani 1948 1950 2129 2122 2092 2070 2052 2150 2070 2086 2139 2164",
"2018 1 Brasov 2384 2437 2622 2636 2584 2687 2575 2575 2589 2612 2773 2933",
"2018 1 Braila 2033 2003 2130 2179 2161 2146 2195 2156 2176 2206 2241 2311",
"2018 1 Buzau 1990 1997 2138 2177 2185 2192 2172 2168 2187 2209 2253 2305",
"2018 1 CarasSeverin 1935 1923 2103 2098 2155 2121 2104 2086 2071 2186 2330 2283",
"2018 1 Calarasi 2165 2166 2333 2317 2328 2333 2277 2267 2336 2351 2353 2511",
"2018 1 Cluj 2750 2803 3069 2975 3094 3065 3046 3038 3105 3144 3181 3303",
"2018 1 Constanta 2155 2172 2327 2396 2312 2353 2331 2292 2305 2341 2437 2677",
"2018 1 Covasna 2242 2070 2279 2184 2209 2234 2204 2199 2177 2218 2275 2460",
"2018 1 Dambovita 2189 2124 2344 2316 2358 2354 2355 2327 2317 2342 2359 2456",
"2018 1 Dolj 2191 2246 2398 2416 2415 2421 2489 2407 2425 2460 2526 2606",
"2018 1 Galati 2263 2261 2442 2435 2418 2421 2438 2468 2415 2457 2488 2643",
"2018 1 Giurgiu 2199 2090 2326 2311 2379 2408 2368 2325 2317 2359 2373 2543",
"2018 1 Gorj 2209 2209 2344 2576 2556 2407 2659 2361 2363 2384 2403 2966",
"2018 1 Harghita 1957 1949 2117 2084 2118 2096 2107 2096 2110 2130 2151 2217",
"2018 1 Hunedoara 1998 2019 2165 2190 2167 2185 2189 2178 2204 2233 2266 2365",
"2018 1 Ialomita 2028 2053 2170 2213 2229 2208 2193 2168 2256 2283 2356 2370",
"2018 1 Iasi 2453 2432 2653 2628 2692 2664 2646 2620 2666 2696 2741 2831",
"2018 1 Ilfov 2682 2668 2878 2838 2910 2853 2863 2812 2814 2932 2935 3235",
"2018 1 Maramures 2014 2009 2138 2117 2179 2177 2167 2162 2188 2203 2260 2303",
"2018 1 Mehedinti 2151 2159 2396 2384 2397 2393 2355 2352 2337 2358 2405 2450",
"2018 1 Mures 2214 2269 2451 2582 2538 2516 2498 2436 2471 2504 2596 2695",
"2018 1 Neamt 1932 1924 2078 2068 2089 2105 2060 2043 2096 2099 2108 2251",
"2018 1 Olt 2194 2197 2509 2448 2565 2444 2470 2492 2418 2527 2484 2660",
"2018 1 Prahova 2268 2275 2479 2469 2485 2467 2489 2415 2461 2499 2535 2720",
"2018 1 SatuMare 2026 2071 2227 2135 2209 2180 2164 2147 2157 2237 2256 2254",
"2018 1 Salaj 2118 2126 2318 2317 2311 2308 2353 2308 2371 2504 2449 2439",
"2018 1 Sibiu 2516 2532 2744 2902 2745 2792 2787 2747 2743 2834 2992 2923",
"2018 1 Suceava 1934 1917 2066 2069 2136 2058 2039 2033 2039 2061 2109 2201",
"2018 1 Teleorman 1995 2015 2186 2167 2177 2188 2163 2174 2188 2208 2218 2261",
"2018 1 Timis 2604 2609 2864 2963 2886 2940 2877 2891 2869 2873 3181 3125",
"2018 1 Tulcea 2056 1969 2112 2217 2214 2199 2213 2163 2166 2228 2250 2312",
"2018 1 Vaslui 1979 1987 2161 2148 2132 2131 2148 2110 2112 2124 2148 2230",
"2018 1 Valcea 1976 1997 2108 2136 2177 2198 2176 2194 2164 2155 2148 2319",
"2018 1 Vrancea 1971 1977 2083 2133 2149 2136 2156 2149 2135 2165 2190 2293",
"2018 1 Bucuresti 3228 3209 3555 3531 3448 3535 3488 3417 3467 3481 3552 3882",
