"2018 1 Alba 209621 216347 237167 211739 226465 210429 232333 189680 192517 216538 211429 134609",
"2018 1 Arad 306538 304532 324082 291470 355718 313020 278013 239379 287023 320828 310687 215114",
"2018 1 Arges 540791 528323 573060 510187 575738 555570 523592 282388 520030 584666 589316 456509",
"2018 1 Bacau 48106 49154 52086 45325 57297 50622 53953 44111 47643 50065 55143 37799",
"2018 1 Bihor 140493 155935 168165 134259 156871 170033 161461 144796 167484 172583 171990 130126",
"2018 1 BistritaNasaud 69934 66044 76267 64466 71442 71218 71271 56695 65027 73954 68496 48147",
"2018 1 Botosani 31232 26767 30812 24512 29821 27003 28696 21844 24809 28570 29086 23152",
"2018 1 Brasov 280417 287295 324673 288300 317330 322796 291951 265280 294617 323421 310577 211674",
"2018 1 Braila 25340 24470 33708 27894 36433 34640 28725 41025 11600 10722 10800 9198",
"2018 1 Buzau 58800 48860 62834 60570 65792 54845 70898 54750 61705 63944 64306 53698",
"2018 1 CarasSeverin 27336 27670 27918 27941 26964 29476 23054 28849 32019 36988 35466 23248",
"2018 1 Calarasi 25968 18851 31984 21928 29347 26186 27403 24316 32859 43355 36906 34715",
"2018 1 Cluj 125709 130851 149184 131731 150970 147417 144683 142402 152193 163048 166060 124419",
"2018 1 Constanta 168934 175307 182069 105402 149583 166641 187488 170362 201414 189281 94367 168288",
"2018 1 Covasna 27639 28184 31124 22638 24961 24911 31261 24417 23705 26055 23980 18641",
"2018 1 Dambovita 43648 50458 63271 55654 63177 64250 58074 54867 62842 62913 58661 43783",
"2018 1 Dolj 217477 209062 268234 158022 217664 229403 232640 143866 235781 252617 238044 164180",
"2018 1 Galati 84846 75789 89627 91414 112380 78235 68118 99451 101624 108967 82958 77233",
"2018 1 Giurgiu 6315 6563 8135 6812 8380 9414 6210 4675 8183 7865 7427 5314",
"2018 1 Gorj 2449 3350 8038 3580 4808 7354 5900 4801 7682 6591 5448 5456",
"2018 1 Harghita 22835 24280 26154 22691 28529 29992 27433 25877 27766 31725 27163 21174",
"2018 1 Hunedoara 69633 66509 80570 68444 76546 67730 64350 49672 68730 76703 74046 50290",
"2018 1 Ialomita 13786 12090 15497 15735 16641 18099 16792 16594 16640 16813 13427 13336",
"2018 1 Iasi 79746 79589 85286 72654 79749 82278 82387 70827 84730 88062 85768 72290",
"2018 1 Ilfov 210823 208135 236624 192503 222587 213670 221386 205341 218542 240590 241739 173601",
"2018 1 Maramures 111999 11634 1222224 104559 121992 118745 121803 111022 117362 127220 128600 87198",
"2018 1 Mehedinti 7707 12848 9945 10613 9169 12920 9400 8129 13683 12033 15379 8481",
"2018 1 Mures 79210 80229 86787 73795 88249 99884 81821 71383 80182 85350 85930 67481",
"2018 1 Neamt 36768 34558 38219 37573 36346 42230 41452 27951 37504 40737 39417 26964",
"2018 1 Olt 128979 121566 145216 134518 137987 140150 134942 127818 130122 137627 128317 93488",
"2018 1 Prahova 195082 194757 235015 181271 201516 202246 205214 171102 222303 220672 224730 175612",
"2018 1 SatuMare 83791 84858 90115 78731 84357 82605 81594 66089 81707 88443 89235 63790",
"2018 1 Salaj 58448 35030 68751 48002 47854 62718 60067 31148 52184 53342 55838 46714",
"2018 1 Sibiu 264480 259377 284977 262071 291808 283479 257373 237864 256990 288844 293431 191080",
"2018 1 Suceava 40588 41821 46899 42348 48525 48796 50706 40493 47692 50509 46426 36446",
"2018 1 Teleorman 12886 12470 13931 12746 14054 14764 12676 8361 12046 14572 14187 11478",
"2018 1 Timis 513299 539761 612843 524159 585527 568502 562789 569828 621401 664945 660288 478910",
"2018 1 Tulcea 25536 63548 45324 12526 15228 81774 69769 61404 19338 93557 25626 89975",
"2018 1 Vaslui 16093 13868 16395 14158 14881 16294 15303 13506 14382 18211 15980 11861",
"2018 1 Valcea 40946 40249 42947 41476 45095 40513 43022 35572 34156 44555 46051 33690",
"2018 1 Vrancea 17762 18775 19322 14659 23755 23720 30453 27203 24063 22711 22697 16665",
"2018 1 Bucuresti 843146 868825 942566 906705 884307 951368 1028238 995753 1028255 1069462 934353 752506",
