"2018 1 Alba 10 50 94 65 41 51 64 36 55",
"2018 1 Arad 1 99 69 87 25 37 78 31 50",
"2018 1 Arges 10 150 82 90 110 34 108 57 55",
"2018 1 Bacau 103 90 67 112 120 110 136 51 71",
"2018 1 Bihor 21 75 88 70 74 94 22 78 143",
"2018 1 BistritaNasaud 17 27 35 32 34 12 30 18 0",
"2018 1 Botosani 7 41 67 73 47 51 59 54 59",
"2018 1 Brasov 20 97 118 83 100 76 81 89 88",
"2018 1 Braila 12 68 69 61 47 43 66 43 52",
"2018 1 Buzau 2 43 53 40 47 42 46 54 38",
"2018 1 CarasSeverin 5 46 54 33 51 40 63 49 45",
"2018 1 Calarasi 7 42 40 47 39 52 20 21 17",
"2018 1 Cluj 14 62 70 76 38 103 69 53 56",
"2018 1 Constanta 43 134 124 142 72 54 101 57 94",
"2018 1 Covasna 2 50 31 20 15 31 15 27 15",
"2018 1 Dambovita 43 134 124 142 72 54 101 57 94",
"2018 1 Dolj 22 22 89 31 53 50 31 93 49",
"2018 1 Galati 5 82 63 71 78 36 50 51 40",
"2018 1 Giurgiu 8 19 24 19 16 30 14 24 13",
"2018 1 Gorj 19 29 65 59 61 35 26 52 77",
"2018 1 Harghita 9 38 36 19 27 31 30 27 25",
"2018 1 Hunedoara 24 90 53 60 52 91 45 34 80",
"2018 1 Ialomita 2 22 35 15 33 17 24 32 16",
"2018 1 Iasi 56 120 121 122 95 131 108 73 95",
"2018 1 Ilfov 11 110 87 61 89 32 87 51 85",
"2018 1 Maramures 14 92 62 64 54 62 35 93 43",
"2018 1 Mehedinti 8 20 11 53 15 60 5 19 57",
"2018 1 Mures 20 60 49 80 68 68 35 14 87",
"2018 1 Neamt 26 66 47 37 66 36 29 62 69",
"2018 1 Olt 6 73 34 44 38 61 29 13 19",
"2018 1 Prahova 41 131 114 65 115 105 76 135 97",
"2018 1 SatuMare 27 37 74 36 33 42 8 19 85",
"2018 1 Salaj 17 37 28 33 39 20 39 20 23",
"2018 1 Sibiu 2 78 66 54 39 71 28 91 31",
"2018 1 Suceava 33 102 97 85 93 57 71 45 119",
"2018 1 Teleorman 19 55 50 72 29 19 34 34 52",
"2018 1 Timis 19 88 93 43 66 88 71 87 94",
"2018 1 Tulcea 4 19 33 29 21 51 8 12 7",
"2018 1 Vaslui 21 54 48 39 74 59 50 74 47",
"2018 1 Valcea 1 11 10 11 12 18 23 22 35",
"2018 1 Vrancea 9 41 29 21 41 34 18 17 9",
"2018 1 Bucuresti 47 273 238 249 208 226 222 279 345",
