"2018 1 Alba 263 189 208 206 250 262 283 278 247",
"2018 1 Arad 344 266 292 279 288 309 363 413 404",
"2018 1 Arges 519 391 396 352 459 425 482 530 484",
"2018 1 Bacau 522 348 392 384 485 490 528 540 536",
"2018 1 Bihor 483 445 420 421 459 485 546 606 549",
"2018 1 BistritaNasaud 318 222 252 196 269 272 262 342 283",
"2018 1 Botosani 316 225 247 273 289 282 364 350 337",
"2018 1 Brasov 603 434 434 395 502 466 630 575 535",
"2018 1 Braila 216 170 155 166 179 185 211 247 236",
"2018 1 Buzau 343 224 253 235 219 277 323 300 336",
"2018 1 CarasSeverin 178 139 172 132 170 179 197 247 180",
"2018 1 Calarasi 239 147 198 144 215 203 276 279 235",
"2018 1 Cluj 602 496 538 495 609 562 656 683 574",
"2018 1 Constanta 601 429 509 436 557 506 674 654 603",
"2018 1 Covasna 211 142 169 149 182 170 200 194 191",
"2018 1 Dambovita 373 280 286 279 326 306 452 468 351",
"2018 1 Dolj 494 352 373 354 453 404 506 600 557",
"2018 1 Galati 480 278 286 293 366 354 461 465 444",
"2018 1 Giurgiu 198 134 185 161 180 189 192 218 217",
"2018 1 Gorj 237 150 175 162 219 216 256 264 258",
"2018 1 Harghita 289 200 221 218 273 280 284 291 269",
"2018 1 Hunedoara 266 214 220 237 272 258 324 339 328",
"2018 1 Ialomita 196 151 173 135 185 197 262 237 245",
"2018 1 Iasi 868 519 581 602 677 728 920 843 883",
"2018 1 Ilfov 426 341 365 318 401 406 494 458 410",
"2018 1 Maramures 437 314 337 323 376 336 463 544 398",
"2018 1 Mehedinti 204 166 112 135 154 165 242 214 184",
"2018 1 Mures 489 416 426 349 483 435 534 540 494",
"2018 1 Neamt 370 277 325 311 355 347 393 484 411",
"2018 1 Olt 254 228 247 195 257 238 307 339 276",
"2018 1 Prahova 598 443 474 392 486 508 595 605 529",
"2018 1 SatuMare 288 192 209 235 218 245 351 384 265",
"2018 1 Salaj 211 169 187 170 209 177 249 249 207",
"2018 1 Sibiu 364 309 325 325 356 322 439 409 378",
"2018 1 Suceava 714 474 550 528 707 693 793 877 759",
"2018 1 Teleorman 244 160 170 161 142 179 212 262 236",
"2018 1 Timis 625 521 509 477 614 612 571 815 623",
"2018 1 Tulcea 153 111 119 110 138 121 141 184 147",
"2018 1 Vaslui 347 229 247 252 275 266 348 393 336",
"2018 1 Valcea 258 182 213 226 214 216 246 250 256",
"2018 1 Vrancea 252 203 219 191 233 247 319 356 287",
"2018 1 Bucuresti 1735 1411 1516 1316 1600 1549 1794 1707 1577",
