"2018 1 Alba 35203 47542 27667 48923 56942 12641 49216 25332 35528 21338 34805",
"2018 1 Arad 45527 45117 41147 38891 69938 34747 21919 12363 29939 20053 41441",
"2018 1 Arges 152017 131012 154340 112512 147563 140482 126207 45486 113692 127752 153271",
"2018 1 Bacau -11985 -13115 -22036 -22358 -22983 -31138 -31153 -28359 -24203 -37041 -7811",
"2018 1 Bihor -8643 11592 13729 -13925 -8814 7126 -11061 5465 13518 -18609 5646",
"2018 1 BistritaNasaud 16059 9270 14724 11413 17903 9644 6216 8910 4698 1848 7099",
"2018 1 Botosani 9281 5258 4503 2267 4608 628 4646 8423 2471 585 4503",
"2018 1 Brasov 30225 30294 41558 34327 40961 35986 16711 16675 30212 25123 34744",
"2018 1 Braila 13046 11661 10297 8515 18186 14271 12779 27952 -93 -3750 -3192",
"2018 1 Buzau 21741 18794 7532 -901 25870 19044 28012 21670 24311 17669 11104",
"2018 1 CarasSeverin 8282 10254 8107 7767 3087 7570 2231 4238 7776 8882 7124",
"2018 1 Calarasi 6019 -4816 4136 -1500 164 -7527 -3049 -1459 6863 15052 13106",
"2018 1 Cluj -71203 -75110 -76365 -78992 -86196 -95490 -100736 -89611 -90610 -112052 -78812",
"2018 1 Constanta -91470 -70280 -54126 -92950 -184394 -170163 -92773 -210187 3915 -153546 -97838",
"2018 1 Covasna 4112 6266 4289 689 -2905 897 5268 2755 120 -2153 -1844",
"2018 1 Dambovita 4148 1726 5751 8713 2359 1729 -10162 -13409 7522 -4215 -402",
"2018 1 Dolj 54513 36635 74421 18618 21194 36780 45068 -81 30114 33964 40607",
"2018 1 Galati -12863 -10374 -24597 4109 18369 -33291 -63487 -14254 -9887 -11137 -21763",
"2018 1 Giurgiu -5204 -8473 -7934 -7919 -7482 -11335 -9530 -7692 -6652 -9348 -6605",
"2018 1 Gorj -196 613 5381 -55 -57 3179 900 1283 2796 921 -65",
"2018 1 Harghita -7453 -5442 -7721 -10833 -11198 -11747 -14243 -6483 -10997 -13031 -16062",
"2018 1 Hunedoara 17567 14333 18516 16533 20465 7661 13352 8290 22725 10590 19167",
"2018 1 Ialomita 2398 -216 306 2778 1559 -244 -8517 -3611 1466 -747 -5418",
"2018 1 Iasi 12605 5738 9661 459 -2730 4926 -7860 -5753 572 -11197 -10705",
"2018 1 Ilfov -285647 -311521 -372021 -391156 -388966 -452626 -416365 -340617 -349960 -431136 -399065",
"2018 1 Maramures +36827 +35867 +33958 +23211 +32869 +33158 +32296 +30412 +40201 +34311 +34274",
"2018 1 Mehedinti -273 5907 472 3736 568 6891 2136 3024 6130 3832 8358",
"2018 1 Mures -18302 -25163 -31818 -18841 -17979 -3129 -20448 -29829 -42241 -54389 -28674",
"2018 1 Neamt 7820 2858 903 3260 -1254 2771 -3120 -6225 1758 -427 1088",
"2018 1 Olt 60835 60865 70467 60798 60416 70561 62461 58681 57972 66877 57923",
"2018 1 Prahova -120894 -87216 -88332 -106075 -130287 -115081 -112429 -139562 -96179 -162227 -118017",
"2018 1 SatuMare 1879 2101 656 -2268 -7253 -7682 -19990 -15701 -16403 -16103 1876",
"2018 1 Salaj 29943 6989 41246 21805 14544 30726 31339 2316 20283 18164 22834",
"2018 1 Sibiu 60427 51569 59777 68381 75003 66223 32510 44139 39197 47333 71324",
"2018 1 Suceava -1851 -6423 -12201 -7317 -14258 -11996 -6602 -14957 -8665 -11643 -20145",
"2018 1 Teleorman 810 587 -1559 -2903 -1235 -6345 -7010 -9228 -3841 -5847 -2017",
"2018 1 Timis 85245 67933 96402 76659 84380 79935 68149 71687 92714 50859 88714",
"2018 1 Tulcea -4479 37858 5930 -9720 -15090 56667 39324 33372 -1837 71048 9289",
"2018 1 Vaslui 5224 3035 4105 2870 694 1035 -41 2833 3320 2270 2473",
"2018 1 Valcea 17258 17338 15338 17234 14406 9405 14002 9033 6055 10471 13032",
"2018 1 Vrancea -1023 -3188 -4677 -8917 -4876 679 -1639 8704 3271 -1667 -1417",
"2018 1 Bucuresti -938840 -990513 -1185496 -864587 -1150732 -1077183 -1044807 -973606 -957035 -1445665 -1446104",
