"2018 1 Alba 3648 3849 3966 3949 3970 3988 4187 4090 4107",
"2018 1 Arad 3650 3621 3804 3837 3847 3997 3854 3804 3867",
"2018 1 Arges 3786 3747 3891 4248 4350 4163 4416 4025 4031",
"2018 1 Bacau 3680 3536 3925 3820 4007 3967 3904 4148 3976",
"2018 1 Bihor 3358 3355 3585 3592 3661 3681 3688 3660 3684",
"2018 1 BistritaNasaud 3320 3190 3477 3434 3476 3489 3496 3440 3506",
"2018 1 Botosani 3228 3229 3532 3522 3483 3442 3410 3592 3450",
"2018 1 Brasov 3978 4040 4344 4383 4290 4465 4280 4280 4311",
"2018 1 Braila 3372 3300 3529 3613 3582 3563 3642 3575 3599",
"2018 1 Buzau 3306 3299 3536 3604 3620 3640 3605 3601 3633",
"2018 1 CarasSeverin 3204 3173 3477 3470 3567 3506 3488 3454 3444",
"2018 1 Calarasi 3609 3597 3874 3858 3870 3893 3803 3785 3909",
"2018 1 Cluj 4543 4603 5033 4901 5095 5045 5025 5011 5118",
"2018 1 Constanta 3602 3611 3874 3994 3848 3926 3894 3827 3850",
"2018 1 Covasna 3739 3424 3782 3632 3666 3715 3669 3681 3632",
"2018 1 Dambovita 3641 3517 3893 3845 3916 3912 3920 3877 3865",
"2018 1 Dolj 3666 3745 3998 4035 4029 4039 4167 4032 4062",
"2018 1 Galati 3769 3757 4057 4052 4022 4030 4065 4120 4035",
"2018 1 Giurgiu 3684 3489 3879 3861 3979 4035 3958 3892 3880",
"2018 1 Gorj 3687 3664 3893 4246 4178 3999 4279 3928 3938",
"2018 1 Harghita 3273 3252 3523 3469 3540 3500 3517 3502 3518",
"2018 1 Hunedoara 3334 3352 3598 3635 3606 3632 3657 3637 3683",
"2018 1 Ialomita 3387 3417 3612 3691 3712 3680 3662 3619 3766",
"2018 1 Iasi 4084 4036 4414 4371 4482 4436 4417 4372 4451",
"2018 1 Ilfov 4509 4462 4809 4745 4864 4766 4792 4703 4714",
"2018 1 Maramures 3337 3318 3545 3504 3611 3613 3606 3603 3646",
"2018 1 Mehedinti 3579 3581 3973 3958 3988 3974 3931 3925 3900",
"2018 1 Mures 3666 3731 4047 4283 4198 4164 4142 4059 4119",
"2018 1 Neamt 3230 3206 3463 3454 3486 3518 3447 4059 3508",
"2018 1 Olt 3653 3645 4144 4076 4270 4059 4117 4156 4029",
"2018 1 Prahova 3781 3771 4128 4108 4135 4109 4157 4038 4111",
"2018 1 SatuMare 3347 3416 3664 3528 3642 3601 3590 3560 3581",
"2018 1 Salaj 3477 3478 3799 3800 3797 3791 3873 3810 3907",
"2018 1 Sibiu 4203 4199 4563 4834 4563 4654 4642 4582 3907",
"2018 1 Suceava 3212 3174 3425 3438 3549 3415 3374 3377 3403",
"2018 1 Teleorman 3357 3374 3658 3629 3645 3671 3638 3657 3683",
"2018 1 Timis 4347 4333 4748 4906 4783 4880 4779 4803 4766",
"2018 1 Tulcea 3450 3313 3550 3709 3707 3682 3713 3644 3639",
"2018 1 Vaslui 3303 3299 3590 3560 3562 3559 3592 3526 3535",
"2018 1 Valcea 3291 3308 3483 3550 3620 3647 3621 3648 3601",
"2018 1 Vrancea 3275 3272 3453 3538 3570 3553 3584 3574 3548",
"2018 1 Bucuresti 5403 5345 5914 5889 5747 5896 5825 5709 5795",
