"2019 1 Alba 195985 212147 199933 208194 264845 200961 227684 189089 201054",
"2019 1 Arad 278604 305894 315417 293606 320258 277929 280112 231048 295872",
"2019 1 Arges 578280 549036 620341 517034 592743 532411 495976 268504 524476",
"2019 1 Bacau 55117 67044 69702 59079 77736 66386 70313 54065 65904",
"2019 1 Bihor 154865 164356 180562 150820 180980 167379 179495 161679 193360",
"2019 1 BistritaNasaud 63516 60392 60139 59345 62231 48791 57924 44090 58253",
"2019 1 Botosani 27001 30595 30327 22729 28526 26942 29518 19711 25204",
"2019 1 Brasov 285698 293985 316511 289238 329121 287022 287378 268173 310589",
"2019 1 Braila 9363 9835 12750 11355 11117 43764 15713 30564 12543",
"2019 1 Buzau 56596 65345 68113 59306 58024 55401 55142 46125 64526",
"2019 1 CarasSeverin 31421 31528 31479 31397 34203 28752 29890 24791 33840",
"2019 1 Calarasi 27352 31322 24815 22255 25267 22908 21428 22144 32611",
"2019 1 Cluj 148293 153024 160694 137165 157606 140851 150609 142294 169230",
"2019 1 Constanta 130051 136989 117114 134877 162935 123632 176423 153110 205885",
"2019 1 Covasna 26701 29212 27242 22137 23800 26421 29045 22300 23848",
"2019 1 Dambovita 51991 59113 60811 56707 63151 55439 59748 44216 59211",
"2019 1 Dolj 191089 220564 244449 223736 228164 232652 193980 136532 166458",
"2019 1 Galati 86296 97754 105685 95472 102914 76924 84288 77868 95530",
"2019 1 Giurgiu 5743 7065 7931 6926 7208 6480 5340 4599 6217",
"2019 1 Gorj 3830 4742 4791 6903 4359 4846 8087 3225 5723",
"2019 1 Harghita 25247 25727 25637 23231 28259 22906 25917 23561 26309",
"2019 1 Hunedoara 60470 70618 67110 76523 74159 69325 71002 50471 72960",
"2019 1 Ialomita 11231 14529 14967 11944 17223 15275 15757 9555 14134",
"2019 1 Iasi 80737 88948 93237 84750 90796 82053 85532 66236 75204",
"2019 1 Ilfov 193196 232826 249339 228767 244957 214383 255341 231969 253139",
"2019 1 Maramures 114894 116342 121112 108700 125789 111570 124787 105911 117604",
"2019 1 Mehedinti 13893 11081 11238 8670 12284 9904 9559 11600 13423",
"2019 1 Mures 71824 85514 95384 77959 90177 71569 86185 81825 93538",
"2019 1 Neamt 35993 31377 36496 36126 39653 35144 32689 22110 34917",
"2019 1 Olt 135280 139162 148374 141523 149261 136305 138440 132990 139211",
"2019 1 Prahova 171967 208018 173921 193583 201549 212318 234654 165026 236382",
"2019 1 SatuMare 84043 83624 84928 76232 89548 78114 79899 73417 88299",
"2019 1 Salaj 50156 61059 43376 52435 69361 50819 56683 45776 36231",
"2019 1 Sibiu 269576 274185 283295 259252 284110 246226 254291 228061 267714",
"2019 1 Suceava 40832 43391 48324 42368 48365 39703 49203 39259 51111",
"2019 1 Teleorman 13318 15252 15946 14416 14133 13438 13840 9099 11797",
"2019 1 Timis 523242 634226 662601 596235 669714 597347 660246 534518 652607",
"2019 1 Tulcea 14433 58655 76408 17725 45038 70276 15420 99670 69340",
"2019 1 Vaslui 13460 15735 15501 12673 15571 15092 19045 12460 15704",
"2019 1 Valcea 30337 29512 29541 28191 29539 25686 31132 21298 27117",
"2019 1 Vrancea 16696 19199 18513 14745 18215 20655 26589 25612 24356",
"2019 1 Bucuresti 1016090 978128 1030208 912603 1031208 883076 983779 948132 1152749",
