"2019 1 Alba 4218 4223 4510 4487 4395 4379 4389 4284",
"2019 1 Arad 4315 4301 4447 4516 4465 4604 4529 4416",
"2019 1 Arges 4324 4343 4449 4650 4786 4812 4984 4565",
"2019 1 Bacau 4325 4324 4481 4460 4544 4595 4645 4610",
"2019 1 Bihor 3903 3937 3969 4019 4097 4019 4052 4014",
"2019 1 BistritaNasaud 3989 3991 4215 4172 4106 4050 4119 3982",
"2019 1 Botosani 4179 4204 4296 4257 4393 4527 4401 4186",
"2019 1 Brasov 4637 4558 4796 4805 4767 4921 4759 4713",
"2019 1 Braila 3973 4078 4088 4224 4154 4283 4171 4044",
"2019 1 Buzau 4004 3997 4177 4143 4120 4208 4108 4079",
"2019 1 CarasSeverin 4074 4094 4189 4148 4159 4259 4225 4060",
"2019 1 Calarasi 4141 4149 4265 4262 4198 4241 4205 4127",
"2019 1 Cluj 5277 5262 5637 5535 5688 5606 5656 5555",
"2019 1 Constanta 4191 4166 4309 4423 4326 4578 4382 4346",
"2019 1 Covasna 4460 4063 4122 4339 4197 4230 4234 4130",
"2019 1 Dambovita 4234 4176 4207 4343 4284 4462 4244 4165",
"2019 1 Dolj 4373 4392 4432 4506 4466 4575 4603 4566",
"2019 1 Galati 4416 4393 4495 4656 4525 4692 4629 4540",
"2019 1 Giurgiu 4235 4154 4340 4317 4357 4374 4365 4324",
"2019 1 Gorj 4245 4209 4452 4622 4773 4521 4820 4495",
"2019 1 Harghita 3794 3790 3857 3909 4003 3946 3954 3916",
"2019 1 Hunedoara 4012 4012 4073 4120 4110 4154 4082 4008",
"2019 1 Ialomita 3864 3972 4113 4158 4121 4309 4102 4089",
"2019 1 Iasi 4912 4882 5071 5083 5059 5340 5100 4950",
"2019 1 Ilfov 5146 5134 5449 5382 5500 5480 5465 5293",
"2019 1 Maramures 3923 3877 3976 3952 4036 4105 3981 3957",
"2019 1 Mehedinti 4383 4353 4444 4485 4714 4640 4463 4476",
"2019 1 Mures 4375 4386 4540 4776 4562 4859 4662 4659",
"2019 1 Neamt 4034 4007 4159 4127 4154 4229 4172 4264",
"2019 1 Olt 4147 4098 4279 4349 4469 4380 4350 4400",
"2019 1 Prahova 4440 4468 4725 4663 4598 4769 4592 4525",
"2019 1 SatuMare 4025 4017 4190 4071 4231 4230 4172 4125",
"2019 1 Salaj 4149 4203 4281 4300 4323 4383 4314 4210",
"2019 1 Sibiu 4832 4628 4912 5021 5255 4973 4989 4900",
"2019 1 Suceava 3972 3976 4057 4092 4092 4081 4053 3964",
"2019 1 Teleorman 3847 3882 3947 3941 4016 4062 3957 3937",
"2019 1 Timis 4817 4785 4992 5320 5068 5313 5118 5093",
"2019 1 Tulcea 4277 4334 4402 4551 4454 4570 4538 4547",
"2019 1 Vaslui 4045 4016 4104 4118 4206 4175 4188 4024",
"2019 1 Valcea 3937 3943 3983 4113 4072 4196 4188 4115",
"2019 1 Vrancea 3923 3871 3970 4050 3983 4007 4016 3988",
"2019 1 Bucuresti 6211 6201 6633 6686 6578 6560 6597 6410",
