"2019 1 Alba 10428 9759 9225 12813 17464 20133 25337 31263",
"2019 1 Arad 13823 13719 16563 15648 20666 21031 25745 29243",
"2019 1 Arges 13594 12950 15621 17891 19551 23897 33387 39953",
"2019 1 Bacau 9792 9983 12108 11918 16653 16840 18530 20598",
"2019 1 Bihor 31419 32536 33750 39327 51518 51590 57286 71380",
"2019 1 BistritaNasaud 5351 5630 6149 7365 10939 12161 14541 16776",
"2019 1 Botosani 3557 3447 3731 3351 5128 4382 4112 5895",
"2019 1 Brasov 119122 103889 88325 97800 107429 115433 135940 161600",
"2019 1 Braila 4069 4811 5997 6298 8079 9296 9531 10044",
"2019 1 Buzau 5682 5565 5967 6529 7917 9502 10926 12784",
"2019 1 CarasSeverin 13599 12616 13468 16820 22055 24429 31470 36353",
"2019 1 Calarasi 1221 1320 1800 1892 2661 2335 3012 2754",
"2019 1 Cluj 34481 38344 45643 55011 66134 62996 71018 72645",
"2019 1 Constanta 17077 20682 23691 28526 48277 200027 381796 443899",
"2019 1 Covasna 6204 7283 7669 9490 11396 13092 16396 17415",
"2019 1 Dambovita 6559 7109 7921 9097 11527 10756 12847 13612",
"2019 1 Dolj 8273 7655 8676 8772 10414 9863 10226 10652",
"2019 1 Galati 4859 6125 7042 7516 10031 10965 11252 11250",
"2019 1 Giurgiu 1297 1550 1551 1532 1798 2645 3236 3870",
"2019 1 Gorj 9117 7795 6595 5477 7418 9140 13222 17820",
"2019 1 Harghita 14959 14529 15705 16939 21385 22813 26017 32238",
"2019 1 Hunedoara 12776 13109 13743 14016 16241 17747 21307 21198",
"2019 1 Ialomita 1615 1833 2219 2265 4030 4674 6496 6667",
"2019 1 Iasi 19700 19620 25338 25843 32189 35886 29940 31521",
"2019 1 Ilfov 13126 13302 15144 15351 18264 18814 19983 16453",
"2019 1 Maramures 18122 16730 36130 17308 22314 26968 30197 40562",
"2019 1 Mehedinti 3348 3740 4680 7981 10134 11933 15203 18757",
"2019 1 Mures 34274 37517 38114 45754 54426 56241 67074 74959",
"2019 1 Neamt 10291 10285 13121 18382 24527 28423 34900 43954",
"2019 1 Olt 2931 1796 1773 2456 2460 1971 1128 2082",
"2019 1 Prahova 46731 43025 39843 41951 45136 51540 57129 67312",
"2019 1 SatuMare 8798 8403 9112 8906 9134 8901 10847 10866",
"2019 1 Salaj 1910 2552 3020 2684 3812 4482 4738 5658",
"2019 1 Sibiu 29671 30411 30177 38541 48515 54002 63862 77654",
"2019 1 Suceava 29842 27435 21604 29348 40421 40087 57332 68481",
"2019 1 Teleorman 568 519 444 675 843 720 889 1674",
"2019 1 Timis 24803 27681 28497 29034 38787 36231 36956 37126",
"2019 1 Tulcea 2199 2323 3281 6256 18185 23376 28788 40773",
"2019 1 Vaslui 3151 2892 3434 3849 4796 4929 5112 5411",
"2019 1 Valcea 27768 28566 28280 30119 32822 36990 50206 54021",
"2019 1 Vrancea 3531 3431 3601 4109 4952 3968 5045 5558",
"2019 1 Bucuresti 128801 136359 161890 160982 193509 187688 188376 176652",
