"2019 1 Alba 19871 18988 15639 24310 31185 36490 49801 61399",
"2019 1 Arad 20950 22231 25466 25641 32831 36317 48086 50871",
"2019 1 Arges 21774 19080 23230 26671 28265 35875 58978 62573",
"2019 1 Bacau 21008 20740 27123 28231 36828 46281 51393 54255",
"2019 1 Bihor 72812 73014 72730 97236 126614 159368 195149 218592",
"2019 1 BistritaNasaud 8483 8893 10026 11765 16631 22411 31742 35854",
"2019 1 Botosani 5437 5217 5855 5141 7978 7784 7719 10391",
"2019 1 Brasov 250662 219397 167054 186499 197104 215830 286418 349386",
"2019 1 Braila 7450 8490 12507 15397 20912 25858 29839 32228",
"2019 1 Buzau 9741 10201 10655 12494 15141 19734 23301 26602",
"2019 1 CarasSeverin 34981 35982 34610 45961 58101 81104 112079 125000",
"2019 1 Calarasi 3110 3326 4768 4352 7032 7048 7465 8332",
"2019 1 Cluj 65478 72038 85206 98210 120772 124284 137746 134656",
"2019 1 Constanta 35864 50275 51938 69052 107497 663910 1536908 1896755",
"2019 1 Covasna 14558 16708 22027 33020 45417 67921 80797 87051",
"2019 1 Dambovita 12294 14581 18326 20311 26246 26931 31679 32929",
"2019 1 Dolj 14763 14163 15632 15565 18036 17518 19242 19064",
"2019 1 Galati 8723 12399 14069 14479 19993 19727 21117 18203",
"2019 1 Giurgiu 2958 3113 3004 2937 3369 4449 5720 5790",
"2019 1 Gorj 17663 16878 12439 10798 11927 15816 22505 28886",
"2019 1 Harghita 32098 30092 30083 35474 44815 52684 61441 74071",
"2019 1 Hunedoara 19213 20527 23526 30393 31146 37464 47049 47362",
"2019 1 Ialomita 2443 2529 5165 6975 16948 24181 35494 32635",
"2019 1 Iasi 31892 31572 40853 45452 55104 55493 53121 58085",
"2019 1 Ilfov 17463 18109 21097 21804 27565 25936 26643 21652",
"2019 1 Maramures 33590 31790 70914 32197 38467 47611 58279 78569",
"2019 1 Mehedinti 4993 5628 8337 16488 20436 26020 34366 40434",
"2019 1 Mures 67784 71512 71177 81007 98337 109231 141743 151865",
"2019 1 Neamt 15994 16888 23470 37780 43414 48530 68291 81186",
"2019 1 Olt 6124 5227 4780 6463 7143 6180 3148 7103",
"2019 1 Prahova 106527 100681 81033 85257 91247 113231 135863 162587",
"2019 1 SatuMare 11018 10618 11786 10711 12088 11919 14533 15551",
"2019 1 Salaj 3239 4225 6031 6233 8249 9961 11080 13167",
"2019 1 Sibiu 50120 50481 47200 64901 81836 93630 119239 134551",
"2019 1 Suceava 63988 59484 41979 57388 71993 86394 130640 152721",
"2019 1 Teleorman 1090 1154 625 1747 1280 810 1525 2713",
"2019 1 Timis 57700 64616 64502 65554 83742 83109 90712 88501",
"2019 1 Tulcea 5867 5345 6743 13130 41804 54957 71895 91188",
"2019 1 Vaslui 4404 4453 5370 5750 6132 7403 8076 8333",
"2019 1 Valcea 64719 77889 75314 97591 104677 144133 208161 220408",
"2019 1 Vrancea 4682 4775 5117 6063 7069 5322 8950 9311",
"2019 1 Bucuresti 219233 233207 285200 288351 337119 314557 319402 306863",
