"2019 1 Alba 32723 47658 58902 40604 -5802 29734 25696 18329",
"2019 1 Arad 29129 32989 31529 45779 33735 24242 8373 23480",
"2019 1 Arges 154110 106450 191489 126790 171197 169026 91611 17994",
"2019 1 Bacau -3780 -9607 -23191 -19994 -22108 -5982 -29173 -17410",
"2019 1 Bihor -4739 4680 13117 -12154 -2199 10919 -8361 22141",
"2019 1 BistritaNasaud 6661 9245 5235 14173 6843 791 7461 6433",
"2019 1 Botosani 5560 7263 7911 350 4704 3404 5943 7331",
"2019 1 Brasov 28718 37187 34193 27223 20150 30168 -7246 20586",
"2019 1 Braila -2563 -9017 -6100 -5216 -14064 27518 -2853 19126",
"2019 1 Buzau 25435 34178 4311 24295 12978 13800 15085 15450",
"2019 1 CarasSeverin 6556 9078 9822 8434 8150 6357 4841 5858",
"2019 1 Calarasi -40 10363 -6150 -5342 -4196 -6514 -3611 3986",
"2019 1 Cluj -58859 -61733 -72457 -92040 -102862 -81714 -105566 -92496",
"2019 1 Constanta -90435 -129685 -169275 -99776 -124147 -196004 -171131 -79631",
"2019 1 Covasna 4841 6941 1922 -2686 -3307 -277 5018 3061",
"2019 1 Dambovita 3988 7343 3844 -699 -1536 3760 -1686 -11218",
"2019 1 Dolj 29013 34235 44571 22593 21609 67002 5814 39456",
"2019 1 Galati -20275 8752 -14877 -4287 2790 -29275 -46335 -14141",
"2019 1 Giurgiu -5664 -6765 -9132 -5919 -10095 -5394 -8394 -10328",
"2019 1 Gorj -920 1039 974 3050 615 1392 4483 -701",
"2019 1 Harghita -8052 -10482 -12743 -17769 -21517 -8679 -16820 -8260",
"2019 1 Hunedoara 9230 4670 11221 24694 18020 18398 18886 5944",
"2019 1 Ialomita -883 -2811 -3061 -1514 -1011 -5216 -17076 -19089",
"2019 1 Iasi -7165 5141 -6049 1655 -2473 -3239 -5956 -10898",
"2019 1 Ilfov -323960 -333337 -384130 -372464 -441721 -359029 -413902 -323806",
"2019 1 Maramures +39518 +33759 +37196 +28368 +39712 +32089 +29407 +29800",
"2019 1 Mehedinti 6876 4203 3581 1170 1960 1565 -2066 5068",
"2019 1 Mures -38817 -27343 -33360 -33173 -26599 -61882 -30022 -22241",
"2019 1 Neamt 6452 -573 1307 167 3123 4252 -3268 -6757",
"2019 1 Olt 61996 56695 55834 62195 67025 66236 63245 68418",
"2019 1 Prahova -127671 -90082 -60238 -186442 -111829 -66694 -92390 -135821",
"2019 1 SatuMare 1939 -2967 -9502 -5765 -8985 2979 -12496 -10209",
"2019 1 Salaj 15147 32115 12738 23498 35111 21222 25297 18712",
"2019 1 Sibiu 63609 60675 55450 71040 66840 55170 51610 57365",
"2019 1 Suceava -4755 -10751 -10470 -15666 -13985 -16026 -20173 -18829",
"2019 1 Teleorman 145 -1700 -3548 -791 -6021 -5940 -2835 -6789",
"2019 1 Timis 90519 97783 103795 65563 71189 82148 90451 37404",
"2019 1 Tulcea -5587 33867 48747 -7973 18559 45093 -9280 67762",
"2019 1 Vaslui 4080 4083 1024 -1999 1354 1009 3678 2095",
"2019 1 Valcea 8316 2853 4211 1977 -619 -23 -2479 -2474",
"2019 1 Vrancea -3692 1781 -2937 -4723 -7370 -385 2602 9551",
"2019 1 Bucuresti -1187262 -1189594 -1247058 -1121216 -1237927 -1035531 -1273954 -1093399",
