"2019 1 Alba -136 -177 -223 -143 -120 -93 2 -49 -66",
"2019 1 Arad -292 -221 -294 -268 -122 -140 -29 -33 -17",
"2019 1 Arges -321 -304 -326 -236 -154 -154 -78 -142 -45",
"2019 1 Bacau -425 -383 -437 -370 -269 -224 -125 -84 -33",
"2019 1 Bihor -196 -210 -288 -141 -141 -143 -31 1 -20",
"2019 1 BistritaNasaud -55 -57 -109 -45 4 -13 43 59 56",
"2019 1 Botosani -185 -292 -237 -299 -116 -161 -110 20 -21",
"2019 1 Brasov -83 -137 -123 -115 -44 52 79 50 87",
"2019 1 Braila -304 -277 -300 -247 -224 -223 -175 -200 -142",
"2019 1 Buzau -455 -441 -337 -316 -258 -232 -147 -177 -147",
"2019 1 CarasSeverin -133 -234 -262 -194 -200 -144 -92 -39 -107",
"2019 1 Calarasi -233 -257 -211 -171 -128 -113 -53 -48 -67",
"2019 1 Cluj -166 -194 -214 -108 -28 -100 47 46 52",
"2019 1 Constanta -237 -231 -238 -184 -253 -195 -105 -17 -52",
"2019 1 Covasna -56 -54 -105 -33 -24 0 -6 -5 -27",
"2019 1 Dambovita -350 -319 -229 -241 -224 -151 -13 -80 -51",
"2019 1 Dolj -430 -408 -415 -360 -353 -346 -177 -157 -148",
"2019 1 Galati -396 -319 -299 -326 -218 -232 -122 -68 -109",
"2019 1 Giurgiu -295 -256 -215 -138 -137 -106 -169 -141 -94",
"2019 1 Gorj -194 -232 -206 -166 -109 -132 -82 -37 7",
"2019 1 Harghita -75 -101 -86 -72 -41 -65 12 28 34",
"2019 1 Hunedoara -255 -301 -368 -236 -281 -192 -180 -140 -141",
"2019 1 Ialomita -206 -168 -210 -165 -157 -103 -70 -84 -29",
"2019 1 Iasi -36 -264 -219 -264 60 27 140 262 125",
"2019 1 Ilfov -29 24 17 -12 85 21 113 104 128",
"2019 1 Maramures -142 -181 -196 -207 -82 -48 -17 -20 5",
"2019 1 Mehedinti -177 -216 -256 -152 -145 -129 -76 -87 -79",
"2019 1 Mures -276 -262 -242 -236 -96 -131 -94 -75 -34",
"2019 1 Neamt -355 -260 -391 -295 -232 -245 -141 -43 -84",
"2019 1 Olt -438 -353 -355 -339 -254 -246 -161 -189 -133",
"2019 1 Prahova -618 -470 -450 -454 -269 -333 -244 -240 -240",
"2019 1 SatuMare -133 -162 -264 -158 -77 -136 14 54 4",
"2019 1 Salaj -75 -112 -121 -65 -52 -89 -25 32 9",
"2019 1 Sibiu -46 -85 -136 -97 -7 15 29 16 5",
"2019 1 Suceava -112 -208 -238 -261 16 93 186 270 123",
"2019 1 Teleorman -501 -390 -329 -312 -339 -248 -217 -279 -197",
"2019 1 Timis 110 -161 -160 -92 169 -20 220 278 222",
"2019 1 Tulcea -175 -160 -172 -174 -84 -107 -107 -95 -64",
"2019 1 Vaslui -259 -281 -284 -282 -175 -139 -47 30 -12",
"2019 1 Valcea -96 -87 -89 -49 -106 -76 -82 -71 5",
"2019 1 Vrancea -224 -248 -217 -220 -166 -137 -66 -3 -125",
"2019 1 Bucuresti -807 -287 -496 -317 -160 -227 -86 -15 83",
