"2019 1 Alba 56 75 69 50 229 250 294 408 233 216 99 69",
"2019 1 Arad 90 157 196 166 324 353 393 531 369 271 192 136",
"2019 1 Arges 99 139 150 83 369 451 527 640 476 368 162 116",
"2019 1 Bacau 173 173 166 187 350 396 582 974 483 298 182 203",
"2019 1 Bihor 102 136 180 160 444 436 477 594 485 309 192 109",
"2019 1 BistritaNasaud 52 71 67 67 214 204 315 354 233 169 82 65",
"2019 1 Botosani 99 105 67 116 195 232 340 494 306 205 126 225",
"2019 1 Brasov 143 186 218 152 376 432 520 599 470 312 203 165",
"2019 1 Braila 60 58 93 71 147 153 211 266 214 198 94 85",
"2019 1 Buzau 76 88 84 55 230 268 276 439 263 254 131 111",
"2019 1 CarasSeverin 73 77 86 86 124 148 228 305 199 163 96 109",
"2019 1 Calarasi 40 55 72 63 155 192 232 284 245 188 118 53",
"2019 1 Cluj 133 169 225 185 665 595 618 682 587 409 188 116",
"2019 1 Constanta 206 161 204 180 397 522 514 749 676 468 281 203",
"2019 1 Covasna 57 57 70 82 122 121 152 176 125 82 70 79",
"2019 1 Dambovita 106 124 138 99 281 374 390 634 399 248 125 90",
"2019 1 Dolj 101 136 155 174 362 379 449 693 545 366 153 127",
"2019 1 Galati 160 159 184 170 311 317 413 792 500 298 241 253",
"2019 1 Giurgiu 84 70 92 53 158 194 221 312 218 148 74 46",
"2019 1 Gorj 76 68 68 93 231 233 280 426 283 189 99 85",
"2019 1 Harghita 57 73 81 93 195 200 194 234 151 121 60 77",
"2019 1 Hunedoara 94 133 137 107 239 266 368 404 289 229 164 128",
"2019 1 Ialomita 48 68 95 69 159 170 194 256 219 173 95 67",
"2019 1 Iasi 314 297 360 317 753 637 882 1183 772 567 323 286",
"2019 1 Ilfov 80 120 154 132 339 488 439 564 421 273 176 85",
"2019 1 Maramures 166 126 116 91 359 290 401 672 293 187 136 120",
"2019 1 Mehedinti 66 73 84 82 157 184 194 322 224 163 88 94",
"2019 1 Mures 113 145 172 163 390 346 426 509 383 266 161 157",
"2019 1 Neamt 106 100 99 69 280 285 427 752 328 211 108 121",
"2019 1 Olt 59 77 88 68 258 212 337 470 312 261 125 74",
"2019 1 Prahova 121 173 183 161 370 536 561 762 525 430 263 180",
"2019 1 SatuMare 73 85 109 78 224 194 255 524 209 139 78 124",
"2019 1 Salaj 57 75 76 46 173 132 179 241 129 127 70 45",
"2019 1 Sibiu 101 114 123 98 241 330 397 479 297 263 128 160",
"2019 1 Suceava 237 207 184 151 527 416 791 1114 605 366 190 242",
"2019 1 Teleorman 67 88 87 80 218 198 224 319 224 180 112 69",
"2019 1 Timis 128 163 231 147 296 700 324 338 338 337 405 1444",
"2019 1 Tulcea 36 40 35 42 96 121 127 222 135 135 60 50",
"2019 1 Vaslui 109 99 113 132 245 247 307 483 273 195 111 160",
"2019 1 Valcea 44 52 59 53 128 126 154 208 138 121 70 72",
"2019 1 Vrancea 61 67 76 59 133 178 226 496 242 159 100 74",
"2019 1 Bucuresti 1147 648 977 729 1325 1832 1553 1713 1578 1322 808 627",
