"2019 1 Alba 5486 5673 5294 4877 4721 4671 4746 4932 4875 5064 5194 5218",
"2019 1 Arad 3022 2937 2797 2563 2288 2882 3112 3165 3255 3193 3211 2610",
"2019 1 Arges 8509 8391 7992 7357 7362 7414 7623 7846 7750 7544 7731 7749",
"2019 1 Bacau 12506 12574 12133 11434 10830 10802 10925 10755 10945 10808 10743 11023",
"2019 1 Bihor 3589 3227 3077 3095 3316 3348 3456 3601 3441 3330 3652 3690",
"2019 1 BistritaNasaud 4097 4060 3855 3450 3339 3273 3180 3256 3274 3337 3225 3329",
"2019 1 Botosani 4402 4331 4166 3813 3616 3604 3893 3783 3726 3633 3521 3571",
"2019 1 Brasov 5948 5967 5764 5471 5401 5777 5765 5779 5730 5631 5540 5233",
"2019 1 Braila 5151 5359 5167 4754 4506 4503 4537 4481 4389 4299 4286 4334",
"2019 1 Buzau 12414 12298 11895 11615 11303 11430 11640 11643 11691 11532 11343 11296",
"2019 1 CarasSeverin 3540 3523 3512 3200 3080 3130 3266 3380 3398 3389 3369 3345",
"2019 1 Calarasi 3894 3889 3707 3455 3273 3270 3338 3315 3280 3309 3246 3242",
"2019 1 Cluj 4855 4751 4715 4556 4637 4509 4649 4808 4750 4599 4616 4483",
"2019 1 Constanta 8121 8122 7759 6195 5514 5656 5552 5753 5791 6836 7536 7471",
"2019 1 Covasna 3150 3091 2961 2678 2577 2611 2738 2772 2828 2829 2819 2852",
"2019 1 Dambovita 7329 7161 7046 6679 6573 6613 6810 6567 6372 6676 6678 6624",
"2019 1 Dolj 20097 20178 19758 18905 18523 18278 18238 18392 18025 17887 17816 17945",
"2019 1 Galati 11698 11718 11368 10676 10532 10823 11127 11189 11058 10624 10836 10578",
"2019 1 Giurgiu 1964 1941 1860 1794 1711 1783 1855 1922 1734 1720 1683 1645",
"2019 1 Gorj 5900 5814 5457 5117 4839 4693 4778 4777 4731 4721 4725 4735",
"2019 1 Harghita 5709 5625 5428 4997 4804 4910 5051 4962 4855 5111 5120 5146",
"2019 1 Hunedoara 6423 6340 6227 5798 5775 5614 5787 5723 5180 5040 5183 5157",
"2019 1 Ialomita 5248 5262 5013 4736 4626 4570 4506 4348 4194 4023 4094 4231",
"2019 1 Iasi 8961 8860 8690 8657 8313 8545 8387 8858 8877 8553 8242 8035",
"2019 1 Ilfov 1196 1065 1032 897 866 913 874 847 849 850 817 776",
"2019 1 Maramures 6377 6336 6356 6161 6181 6394 6440 6537 5753 5528 5611 5185",
"2019 1 Mehedinti 7770 7821 7509 7154 7011 7013 6532 7018 6961 6786 6917 6929",
"2019 1 Mures 6988 6857 6559 6184 6009 6043 5917 6045 6006 6248 6356 6372",
"2019 1 Neamt 8450 8428 7730 7308 6876 7274 7779 7723 7577 7367 7282 7346",
"2019 1 Olt 10105 9976 9349 8802 8541 8691 8746 8676 8761 8738 8666 8855",
"2019 1 Prahova 7465 7308 7176 6605 6491 6444 6424 7041 6949 6914 7185 7118",
"2019 1 SatuMare 3905 3919 3811 3597 3445 3364 3357 3322 3378 3446 3478 3631",
"2019 1 Salaj 4740 4755 4679 4292 4166 4119 4449 4343 4244 4186 4274 4339",
"2019 1 Sibiu 3598 3695 3579 3423 3280 3283 3246 3250 3229 3399 3422 3456",
"2019 1 Suceava 11979 11941 11325 10635 10017 10657 11596 11550 11403 11193 11189 11031",
"2019 1 Teleorman 10899 11289 10965 10145 9602 9570 9770 9570 9309 9078 8988 8825",
"2019 1 Timis 2867 2781 2573 2421 2717 2920 2944 3189 3189 2925 2832 2775",
"2019 1 Tulcea 3234 3250 2965 2667 2478 2430 2534 2711 2644 2654 2815 2906",
"2019 1 Vaslui 11653 11584 11149 10480 10333 10151 10460 10389 10309 9913 9868 10024",
"2019 1 Valcea 5029 5270 4726 4595 4587 4838 5167 5261 5277 5189 4888 4560",
"2019 1 Vrancea 5635 5540 5373 5096 5013 5245 5348 5467 5230 5241 5091 4947",
"2019 1 Bucuresti 15679 15661 15650 15575 15559 15525 15502 15456 15418 15394 15300 15248",
