"2019 1 Alba 281 189 199 203 233 228 306 294 268 316 222 215",
"2019 1 Arad 344 249 217 250 332 316 430 422 412 388 319 337",
"2019 1 Arges 476 386 388 412 454 388 529 459 511 439 415 430",
"2019 1 Bacau 514 343 330 386 470 415 563 598 587 596 456 491",
"2019 1 Bihor 504 389 388 454 487 460 571 530 524 558 456 452",
"2019 1 BistritaNasaud 293 215 203 232 271 248 317 347 294 291 263 259",
"2019 1 Botosani 387 196 246 259 333 312 342 418 380 368 291 259",
"2019 1 Brasov 580 398 456 401 553 502 562 547 580 587 501 418",
"2019 1 Braila 225 163 148 149 206 148 231 216 213 238 209 194",
"2019 1 Buzau 327 215 279 239 295 271 363 333 330 318 276 270",
"2019 1 CarasSeverin 206 123 136 143 165 149 189 244 188 186 156 198",
"2019 1 Calarasi 235 159 155 159 199 212 281 274 243 251 182 180",
"2019 1 Cluj 583 515 513 525 588 528 679 679 643 672 577 590",
"2019 1 Constanta 617 423 417 454 528 500 620 608 627 561 548 511",
"2019 1 Covasna 219 140 122 163 193 188 211 197 178 191 153 153",
"2019 1 Dambovita 374 290 332 279 358 323 434 412 403 383 333 390",
"2019 1 Dolj 493 398 374 368 462 428 558 572 558 528 410 426",
"2019 1 Galati 372 298 301 287 375 330 481 470 429 494 378 378",
"2019 1 Giurgiu 189 129 157 187 197 196 204 200 210 181 197 163",
"2019 1 Gorj 243 142 150 159 228 206 235 265 292 264 189 188",
"2019 1 Harghita 309 226 250 242 288 229 314 308 300 282 225 233",
"2019 1 Hunedoara 308 186 159 226 240 254 322 292 295 270 231 288",
"2019 1 Ialomita 192 131 146 149 175 197 229 226 254 222 198 193",
"2019 1 Iasi 847 479 573 553 797 698 871 919 812 1091 892 704",
"2019 1 Ilfov 430 366 354 335 401 324 445 409 429 458 378 339",
"2019 1 Maramures 392 260 309 295 391 340 472 456 411 401 321 373",
"2019 1 Mehedinti 191 107 120 132 183 162 219 232 187 196 148 182",
"2019 1 Mures 486 356 383 361 503 389 542 498 519 492 444 448",
"2019 1 Neamt 379 317 268 262 351 307 460 447 422 427 313 352",
"2019 1 Olt 289 213 216 227 258 210 340 318 295 296 223 231",
"2019 1 Prahova 553 434 396 377 572 453 594 561 548 541 436 445",
"2019 1 SatuMare 278 190 181 251 291 225 360 397 296 279 244 287",
"2019 1 Salaj 213 167 168 198 204 161 241 252 214 235 200 219",
"2019 1 Sibiu 405 287 260 303 386 354 403 366 391 398 352 333",
"2019 1 Suceava 723 497 467 474 724 651 805 864 712 790 531 543",
"2019 1 Teleorman 196 152 173 179 159 250 245 207 254 253 182 193",
"2019 1 Timis 671 473 463 450 592 579 711 694 690 655 616 573",
"2019 1 Tulcea 143 117 113 82 149 132 143 148 147 138 122 124",
"2019 1 Vaslui 352 198 228 209 313 288 388 453 361 520 364 357",
"2019 1 Valcea 283 215 204 198 211 190 241 224 260 249 212 209",
"2019 1 Vrancea 249 185 196 201 211 251 293 329 260 285 216 228",
"2019 1 Bucuresti 1618 1458 1421 1378 1666 1514 1779 1723 1780 1942 1792 1603",
