"2019 1 Alba 38 51 45 43 56 55 77",
"2019 1 Arad 42 47 81 77 71 73 61",
"2019 1 Arges 79 86 144 141 167 170 175",
"2019 1 Bacau 56 67 75 129 122 75 118",
"2019 1 Bihor 41 96 137 125 149 112 120",
"2019 1 BistritaNasaud 29 37 58 68 90 49 112",
"2019 1 Botosani 32 34 55 41 57 61 61",
"2019 1 Brasov 81 86 98 124 91 130 131",
"2019 1 Braila 36 54 64 43 68 72 76",
"2019 1 Buzau 24 37 42 43 40 49 44",
"2019 1 CarasSeverin 4 9 20 20 11 16 10",
"2019 1 Calarasi 17 29 42 42 61 43 59",
"2019 1 Cluj 109 128 137 96 162 140 226",
"2019 1 Constanta 97 156 159 160 165 158 181",
"2019 1 Covasna 7 15 27 23 37 17 19",
"2019 1 Dambovita 64 110 124 93 144 135 136",
"2019 1 Dolj 49 106 106 150 143 96 110",
"2019 1 Galati 67 69 95 87 125 92 107",
"2019 1 Giurgiu 37 51 46 48 61 69 56",
"2019 1 Gorj 26 35 55 50 62 42 54",
"2019 1 Harghita 7 10 26 48 45 26 40",
"2019 1 Hunedoara 17 21 34 42 24 33 38",
"2019 1 Ialomita 23 24 46 32 42 51 59",
"2019 1 Iasi 123 165 192 179 224 243 265",
"2019 1 Ilfov 188 290 584 452 400 445 323",
"2019 1 Maramures 67 68 54 113 110 105 124",
"2019 1 Mehedinti 17 17 20 43 28 29 26",
"2019 1 Mures 34 39 74 74 79 63 81",
"2019 1 Neamt 30 57 81 74 97 107 92",
"2019 1 Olt 35 37 62 59 82 57 78",
"2019 1 Prahova 74 113 115 105 154 120 121",
"2019 1 SatuMare 46 52 63 59 60 50 95",
"2019 1 Salaj 21 26 53 39 37 64 47",
"2019 1 Sibiu 32 60 66 49 75 60 72",
"2019 1 Suceava 118 152 175 189 259 219 248",
"2019 1 Teleorman 21 20 27 17 22 22 13",
"2019 1 Timis 115 194 250 224 243 265 283",
"2019 1 Tulcea 5 16 17 15 25 19 22",
"2019 1 Vaslui 16 59 47 53 57 46 50",
"2019 1 Valcea 29 42 51 51 52 63 56",
"2019 1 Vrancea 40 51 78 90 80 68 78",
"2019 1 Bucuresti 35 37 67 55 56 65 71",
