"2019 1 Alba 94748 95169 95508 95510 95524 95535 95673 95519",
"2019 1 Arad 136626 137363 137982 137984 138005 138020 138219 137998",
"2019 1 Arges 161035 161965 162757 162759 162784 162801 163033 162776",
"2019 1 Bacau 113951 114417 114786 114787 114805 114817 114981 114799",
"2019 1 Bihor 176298 177268 178091 178093 178120 178138 178389 178111",
"2019 1 BistritaNasaud 70005 70422 70779 70780 70791 70799 70899 70787",
"2019 1 Botosani 56109 56389 56621 56622 56631 56637 56719 56628",
"2019 1 Brasov 191858 192815 193610 193613 193642 193663 193939 193632",
"2019 1 Braila 71348 71642 71876 71876 71888 71895 71999 71884",
"2019 1 Buzau 85284 85686 86017 86018 86031 86040 86162 86026",
"2019 1 CarasSeverin 54338 54613 54842 54842 54851 54857 84935 54848",
"2019 1 Calarasi 44636 44845 45015 45016 45023 45028 45092 45021",
"2019 1 Cluj 256202 257781 259147 259150 259189 259216 259577 259176",
"2019 1 Constanta 185385 186462 187383 187385 187414 187433 187696 187404",
"2019 1 Covasna 50916 51175 51391 51392 51400 51405 51480 51397",
"2019 1 Dambovita 84963 85467 85898 85899 85912 85922 86045 85908",
"2019 1 Dolj 137126 137919 138597 138599 138620 138634 138830 138613",
"2019 1 Galati 118284 118802 119219 119221 119239 119252 119421 119233",
"2019 1 Giurgiu 36734 36979 37193 37193 37199 37203 37254 37197",
"2019 1 Gorj 75816 76200 76519 76520 76532 76540 76650 76528",
"2019 1 Harghita 70533 70868 71143 71144 71155 71163 71264 71151",
"2019 1 Hunedoara 109358 109823 110194 110195 110212 110224 110384 110206",
"2019 1 Ialomita 45279 45496 45674 45675 45682 45687 45752 45680",
"2019 1 Iasi 175217 176248 177128 177131 177158 177177 177431 177149",
"2019 1 Ilfov 161418 162667 163784 163786 163810 163827 164053 163802",
"2019 1 Maramures 110551 111205 111766 111768 111785 111520 111678 111502",
"2019 1 Mehedinti 46142 46319 46456 46457 46464 46469 46537 46462",
"2019 1 Mures 140935 141644 142233 142235 142257 142272 142476 142250",
"2019 1 Neamt 87582 87953 88249 88250 88263 88273 88399 88259",
"2019 1 Olt 73791 74174 74493 74494 74505 74513 74621 74501",
"2019 1 Prahova 183690 184578 185309 185311 185340 185359 185625 185330",
"2019 1 SatuMare 83407 83885 84293 84294 84307 84316 84437 84303",
"2019 1 Salaj 51392 51665 51894 51894 51902 51908 51982 51900",
"2019 1 Sibiu 138788 139401 139896 139897 139919 139934 140137 139912",
"2019 1 Suceava 112004 112719 113341 113342 113359 113371 113531 113354",
"2019 1 Teleorman 56527 56758 56941 56941 56950 56956 56125 56036",
"2019 1 Timis 254424 255632 256624 256627 256666 256694 257062 256653",
"2019 1 Tulcea 46970 47169 47328 47329 47336 47341 47408 47333",
"2019 1 Vaslui 56190 56476 56714 56714 56723 56729 56810 56720",
"2019 1 Valcea 81170 81559 81879 81880 81893 81902 82019 81889",
"2019 1 Vrancea 60898 61228 61507 61507 61517 61523 61610 61514",
"2019 1 Bucuresti 1028515 1033005 1036624 1036637 1036796 1036906 1038385 1036740",
