"2019 1 Alba 163103 164458 141132 167569 270442 171462 201822 170872",
"2019 1 Arad 249287 272944 284053 247802 286600 253890 271600 207664",
"2019 1 Arges 424058 442562 428768 390145 422017 363572 404009 250954",
"2019 1 Bacau 58777 76640 92925 79068 99843 72623 99442 71994",
"2019 1 Bihor 158762 159226 167213 162683 182023 156620 187360 139577",
"2019 1 BistritaNasaud 56771 51138 54935 45162 55388 48051 50390 37689",
"2019 1 Botosani 21428 23326 22428 22376 23822 23544 23540 12188",
"2019 1 Brasov 256897 256837 282471 262065 309018 257071 294417 247700",
"2019 1 Braila 11877 18847 18865 16430 25143 16262 18518 11594",
"2019 1 Buzau 31133 31155 64104 34995 45045 41626 39963 30669",
"2019 1 CarasSeverin 24842 22443 21692 22957 26052 22418 24987 18951",
"2019 1 Calarasi 27374 20953 30987 27590 29424 29421 24953 18142",
"2019 1 Cluj 206837 215164 233345 229412 260826 222821 255736 235081",
"2019 1 Constanta 220451 266806 286468 234754 287128 319628 347439 232914",
"2019 1 Covasna 21789 22258 25360 24814 27107 26782 23997 19397",
"2019 1 Dambovita 47950 51764 56999 57400 64686 51730 61380 55417",
"2019 1 Dolj 162024 186321 199998 201228 206554 165755 187992 97304",
"2019 1 Galati 106292 89654 121203 99984 100142 106265 131096 92249",
"2019 1 Giurgiu 11399 13824 17365 12843 17310 11889 13703 14941",
"2019 1 Gorj 4734 3701 3854 3849 3744 3474 3593 3931",
"2019 1 Harghita 33113 36177 38495 41060 49801 31765 42641 31926",
"2019 1 Hunedoara 51043 65753 55855 51691 55990 50959 51763 44457",
"2019 1 Ialomita 12092 17336 18033 13456 18234 20512 32851 28693",
"2019 1 Iasi 87847 83793 99338 83086 93268 85382 91393 77192",
"2019 1 Ilfov 516835 566119 633703 601246 686982 574165 674179 560188",
"2019 1 Maramures 75113 82460 83921 80583 86875 79642 95138 76266",
"2019 1 Mehedinti 7002 6875 7667 7499 10324 8344 11619 6549",
"2019 1 Mures 110134 112549 128680 111134 116530 133275 115476 104112",
"2019 1 Neamt 29439 31909 35177 35980 36475 30954 35860 28903",
"2019 1 Olt 73227 82464 92566 79325 82236 70077 75076 63978",
"2019 1 Prahova 299497 298080 234235 380009 313377 279118 326695 300883",
"2019 1 SatuMare 82039 86646 94477 81964 98238 75164 92118 83541",
"2019 1 Salaj 34956 28936 30683 28929 34249 29654 31306 27043",
"2019 1 Sibiu 205841 213496 227906 188120 217268 190990 206553 170907",
"2019 1 Suceava 45489 54070 58834 57976 62314 55822 69148 58120",
"2019 1 Teleorman 13173 16952 19494 15207 20154 19378 16675 15888",
"2019 1 Timis 432526 536488 559050 531125 598598 515422 569592 497088",
"2019 1 Tulcea 19964 24780 27725 25719 27077 20152 24832 25606",
"2019 1 Vaslui 9371 11650 14488 14671 14217 14094 15339 10371",
"2019 1 Valcea 21974 26724 25353 26210 30158 25734 33596 23882",
"2019 1 Vrancea 20372 17414 21480 19466 25585 21055 23943 16074",
"2019 1 Bucuresti 2208380 2167686 2274165 2033283 2269123 1919956 2253888 2041858",
