"2019 1 Alba 417 366 422 346 353 321 304 343 334 360 331 397",
"2019 1 Arad 636 470 511 518 454 456 459 455 429 460 468 562",
"2019 1 Arges 797 690 714 648 608 542 607 601 556 617 591 670",
"2019 1 Bacau 939 726 767 756 739 639 688 682 620 748 661 736",
"2019 1 Bihor 700 599 676 595 628 603 602 529 544 627 545 625",
"2019 1 BistritaNasaud 348 272 312 277 267 261 274 288 238 270 201 274",
"2019 1 Botosani 572 488 483 558 449 473 452 398 401 460 433 493",
"2019 1 Brasov 663 535 579 516 597 450 483 497 493 531 492 558",
"2019 1 Braila 529 440 448 396 430 371 406 416 355 411 394 433",
"2019 1 Buzau 782 656 616 555 553 503 510 510 477 550 549 586",
"2019 1 CarasSeverin 339 357 398 337 365 293 281 283 295 322 324 392",
"2019 1 Calarasi 468 416 366 330 327 325 334 322 310 354 345 397",
"2019 1 Cluj 749 709 727 633 616 628 632 633 591 660 648 747",
"2019 1 Constanta 854 654 655 638 781 695 725 625 679 655 676 770",
"2019 1 Covasna 275 194 227 196 217 188 217 202 205 199 192 232",
"2019 1 Dambovita 724 609 561 520 582 474 447 492 454 540 510 579",
"2019 1 Dolj 923 806 789 728 815 774 735 729 706 730 784 834",
"2019 1 Galati 768 617 600 613 593 562 603 538 538 611 580 667",
"2019 1 Giurgiu 484 385 372 325 334 302 373 341 304 340 360 389",
"2019 1 Gorj 437 374 356 325 337 338 317 302 285 312 328 394",
"2019 1 Harghita 384 327 336 314 329 294 302 280 266 336 272 338",
"2019 1 Hunedoara 563 487 527 462 521 446 502 432 436 487 454 558",
"2019 1 Ialomita 398 299 356 314 332 300 299 310 283 326 325 357",
"2019 1 Iasi 883 743 792 817 737 671 731 657 687 698 762 787",
"2019 1 Ilfov 459 342 337 347 316 303 332 305 301 344 333 353",
"2019 1 Maramures 534 441 505 502 473 388 489 476 406 468 421 479",
"2019 1 Mehedinti 368 323 376 284 328 291 295 319 266 295 311 324",
"2019 1 Mures 762 618 625 597 599 520 636 573 553 571 596 635",
"2019 1 Neamt 734 577 659 557 583 552 601 490 506 547 576 616",
"2019 1 Olt 727 566 571 566 512 456 501 507 428 503 498 561",
"2019 1 Prahova 1171 904 846 831 841 786 838 801 788 891 779 964",
"2019 1 SatuMare 411 352 445 409 368 361 346 343 292 337 352 354",
"2019 1 Salaj 288 279 289 263 256 250 266 220 205 269 227 247",
"2019 1 Sibiu 451 372 396 400 393 339 374 350 386 347 366 483",
"2019 1 Suceava 835 705 705 735 708 558 619 594 589 685 595 696",
"2019 1 Teleorman 697 542 502 491 498 498 462 486 451 548 499 500",
"2019 1 Timis 561 634 623 542 423 599 491 416 468 453 774 1730",
"2019 1 Tulcea 318 277 285 256 233 239 250 243 211 236 248 256",
"2019 1 Vaslui 611 479 512 491 488 427 435 423 373 486 428 496",
"2019 1 Valcea 379 302 293 247 317 266 323 295 255 277 287 309",
"2019 1 Vrancea 473 433 413 421 377 388 359 332 385 385 379 415",
"2019 1 Bucuresti 2425 1745 1917 1695 1826 1741 1865 1738 1697 1764 1802 1890",
