"2019 1 Alba 2554 2564 2736 2743 2702 2684 2685 2611 2645 2689 2763",
"2019 1 Arad 2636 2642 2737 2784 2749 2832 2791 2718 2789 2825 2901",
"2019 1 Arges 2638 2656 2728 2851 2933 2954 3052 2793 2877 2805 2830",
"2019 1 Bacau 2627 2640 2745 2746 2792 2835 2908 2839 2820 2830 2928",
"2019 1 Bihor 2368 2396 2416 2455 2502 2458 2482 2453 2482 2502 2539",
"2019 1 BistritaNasaud 2427 2447 2586 2567 2522 2496 2546 2462 2501 2530 2619",
"2019 1 Botosani 2507 2534 2594 2581 2681 2805 2732 2545 2585 2606 2608",
"2019 1 Brasov 2802 2762 2902 2920 2891 2980 2890 2861 2923 2948 3093",
"2019 1 Braila 2412 2488 2489 2583 2565 2655 2547 2464 2477 2549 2578",
"2019 1 Buzau 2414 2433 2543 2532 2519 2587 2516 2492 2521 2580 2558",
"2019 1 CarasSeverin 2465 2840 2551 2523 2528 2613 2581 2467 2474 2563 2555",
"2019 1 Calarasi 2504 2531 2592 2606 2561 2597 2583 2524 2584 2584 2614",
"2019 1 Cluj 3236 3240 3478 3414 3508 3471 3498 3440 3470 3524 3634",
"2019 1 Constanta 2546 2536 2624 2701 2646 2821 2697 2667 2712 2774 2757",
"2019 1 Covasna 2691 2472 2503 2632 2553 2596 2596 2513 2526 2575 2568",
"2019 1 Dambovita 2558 2526 2560 2654 2619 2784 2589 2530 2560 2572 2597",
"2019 1 Dolj 2633 2651 2675 2725 2703 2774 2794 2768 2758 2811 2840",
"2019 1 Galati 2703 2714 2775 2885 2807 2969 2901 2788 2894 2930 2867",
"2019 1 Giurgiu 2580 2565 2680 2669 2701 2732 2711 2693 2672 2756 2725",
"2019 1 Gorj 2571 2544 2688 2835 2989 2761 3010 2752 2746 2748 2768",
"2019 1 Harghita 2330 2335 2376 2410 2468 2437 2439 2418 2470 2480 2479",
"2019 1 Hunedoara 2434 2443 2477 2518 2507 2546 2493 2439 2481 2549 2555",
"2019 1 Ialomita 2328 2393 2478 2512 2494 2656 2490 2480 2514 2546 2528",
"2019 1 Iasi 2978 2970 3091 3107 3092 3327 3141 3026 3098 3130 3190",
"2019 1 Ilfov 3118 3111 3299 3266 3333 3319 3318 3209 3248 3283 3338",
"2019 1 Maramures 2401 2378 2443 2433 2488 2563 2460 2441 2470 2512 2569",
"2019 1 Mehedinti 2649 2634 2694 2730 2939 2843 2720 2725 2728 2820 2848",
"2019 1 Mures 2669 2687 2792 2926 2806 3028 2873 2884 2862 2904 2912",
"2019 1 Neamt 2450 2436 2527 2525 2539 2592 2562 2670 2562 2593 2579",
"2019 1 Olt 2530 2505 2613 2674 2736 2702 2687 2701 2638 2660 2704",
"2019 1 Prahova 2729 2751 2906 2882 2847 2977 2870 2811 2850 2866 2907",
"2019 1 SatuMare 2445 2440 2553 2487 2586 2611 2548 2514 2558 2643 2675",
"2019 1 Salaj 2546 2592 2636 2655 2678 2741 2664 2599 2692 2854 2682",
"2019 1 Sibiu 2918 2806 2981 3052 3199 3028 3038 2976 3032 3083 3193",
"2019 1 Suceava 2406 2423 2477 2508 2523 2510 2513 2445 2477 2503 2505",
"2019 1 Teleorman 2305 2327 2361 2371 2413 2451 2381 2365 2376 2388 2381",
"2019 1 Timis 2915 2904 3035 3230 3088 3244 3116 3097 3097 3129 3473",
"2019 1 Tulcea 2554 2592 2632 2717 2657 2793 2720 2720 2649 2783 2717",
"2019 1 Vaslui 2431 2425 2494 2511 2579 2551 2570 2465 2542 2595 2605",
"2019 1 Valcea 2404 2415 2445 2515 2502 2578 2579 2535 2518 2533 2548",
"2019 1 Vrancea 2353 2332 2389 2439 2400 2418 2429 2409 2409 2466 2463",
"2019 1 Bucuresti 3763 3765 4024 4063 3994 3986 4019 3901 3964 3982 4050",
