"2019 1 Alba 8 47 75 61 58 24 58 45 71",
"2019 1 Arad 3 33 46 28 16 47 26 28 63",
"2019 1 Arges 32 113 75 31 154 65 127 144 66",
"2019 1 Bacau 86 68 116 82 106 99 107 71 38",
"2019 1 Bihor 15 69 106 74 83 66 94 90 104",
"2019 1 BistritaNasaud 12 15 25 8 15 20 12 48 8",
"2019 1 Botosani 4 37 74 34 56 51 47 72 54",
"2019 1 Brasov 30 91 133 112 82 70 94 108 88",
"2019 1 Braila 23 55 48 62 47 68 66 50 44",
"2019 1 Buzau 9 39 42 47 53 44 36 50 51",
"2019 1 CarasSeverin 3 56 34 31 36 62 41 20 31",
"2019 1 Calarasi 4 45 49 35 36 37 48 22 27",
"2019 1 Cluj 18 77 90 88 52 64 101 103 80",
"2019 1 Constanta 41 129 142 101 124 81 72 86 140",
"2019 1 Covasna 1 29 18 40 17 23 14 36 14",
"2019 1 Dambovita 21 63 91 64 65 58 63 78 72",
"2019 1 Dolj 42 22 70 44 30 66 17 72 43",
"2019 1 Galati 13 47 72 53 34 52 35 61 30",
"2019 1 Giurgiu 6 24 20 18 21 21 22 17 30",
"2019 1 Gorj 21 50 47 18 66 25 23 141 73",
"2019 1 Harghita 17 28 28 40 28 24 32 28 42",
"2019 1 Hunedoara 39 39 77 85 55 101 46 51 34",
"2019 1 Ialomita 4 19 35 16 57 33 14 17 60",
"2019 1 Iasi 46 105 115 66 157 92 101 70 57",
"2019 1 Ilfov 12 56 67 63 105 56 40 55 63",
"2019 1 Maramures 34 66 76 41 80 45 39 61 60",
"2019 1 Mehedinti 2 32 11 12 50 58 38 62 36",
"2019 1 Mures 26 76 63 74 47 78 31 17 96",
"2019 1 Neamt 45 70 61 53 50 64 16 122 84",
"2019 1 Olt 2 57 57 34 48 41 17 89 21",
"2019 1 Prahova 35 112 117 108 134 89 66 87 176",
"2019 1 SatuMare 44 33 65 49 59 24 42 52 39",
"2019 1 Salaj 15 27 26 22 29 30 42 36 21",
"2019 1 Sibiu 21 47 76 53 85 49 60 108 44",
"2019 1 Suceava 30 83 72 68 117 77 71 84 110",
"2019 1 Teleorman 15 49 39 35 26 15 50 39 24",
"2019 1 Timis 26 64 65 73 87 82 58 78 62",
"2019 1 Tulcea 3 8 25 29 39 21 18 27 6",
"2019 1 Vaslui 21 51 52 53 65 49 48 58 49",
"2019 1 Valcea 11 17 17 14 14 20 24 17 13",
"2019 1 Vrancea 13 35 31 36 43 27 36 64 14",
"2019 1 Bucuresti 43 177 218 158 188 313 292 206 265",
