"2019 1 Alba 1 2 4 2 0 0 1 4 0 4 2 2",
"2019 1 Arad 5 1 1 4 2 3 5 5 2 2 1 1",
"2019 1 Arges 2 2 2 2 3 5 2 3 3 2 2 5",
"2019 1 Bacau 5 8 3 1 4 4 7 4 2 2 5 3",
"2019 1 Bihor 4 4 6 5 5 3 3 2 1 5 1 4",
"2019 1 BistritaNasaud 2 1 3 1 4 2 3 4 0 5 0 2",
"2019 1 Botosani 1 1 1 1 2 3 3 2 1 2 1 5",
"2019 1 Brasov 6 5 6 3 2 0 2 3 3 3 3 5",
"2019 1 Braila 1 4 0 1 2 3 0 1 1 1 0 1",
"2019 1 Buzau 0 3 2 3 2 2 3 3 3 2 2 1",
"2019 1 CarasSeverin 5 1 0 1 0 1 1 0 4 0 0 0",
"2019 1 Calarasi 3 2 2 0 1 0 3 1 1 1 1 1",
"2019 1 Cluj 3 5 0 5 1 6 2 4 4 5 2 4",
"2019 1 Constanta 10 3 7 6 3 8 8 3 3 4 4 3",
"2019 1 Covasna 0 2 0 0 2 0 1 1 2 0 1 0",
"2019 1 Dambovita 2 2 3 0 2 2 1 0 0 2 0 1",
"2019 1 Dolj 3 4 2 3 3 2 6 7 6 1 0 2",
"2019 1 Galati 3 3 7 2 2 1 5 3 3 4 1 5",
"2019 1 Giurgiu 0 0 1 4 1 1 2 1 0 1 1 2",
"2019 1 Gorj 4 0 1 1 3 2 0 0 3 1 3 1",
"2019 1 Harghita 2 2 2 2 5 4 1 2 1 2 3 2",
"2019 1 Hunedoara 2 1 1 2 3 6 0 1 1 3 1 3",
"2019 1 Ialomita 0 0 4 1 1 0 1 1 2 2 1 1",
"2019 1 Iasi 1 0 2 6 4 3 1 4 4 4 1 2",
"2019 1 Ilfov 1 1 0 4 1 2 2 2 0 1 1 1",
"2019 1 Maramures 1 2 2 1 1 2 4 1 2 3 5 5",
"2019 1 Mehedinti 2 1 3 1 2 1 2 3 2 0 1 2",
"2019 1 Mures 5 2 5 3 2 3 4 7 1 7 7 2",
"2019 1 Neamt 2 1 3 2 2 2 0 2 4 1 1 0",
"2019 1 Olt 1 2 1 2 2 3 0 1 1 0 1 3",
"2019 1 Prahova 1 0 4 3 4 4 2 6 1 3 2 0",
"2019 1 SatuMare 1 2 2 1 2 1 2 2 1 2 1 1",
"2019 1 Salaj 1 1 1 2 2 1 0 1 2 2 0 0",
"2019 1 Sibiu 2 0 3 3 1 1 6 1 2 0 0 3",
"2019 1 Suceava 5 4 3 9 2 2 5 5 2 4 4 7",
"2019 1 Teleorman 3 0 2 0 1 4 2 0 1 1 0 1",
"2019 1 Timis 3 3 6 4 1 4 6 2 1 1 5 2",
"2019 1 Tulcea 1 4 3 4 1 2 2 1 2 2 1 1",
"2019 1 Vaslui 5 0 2 1 1 2 0 2 3 2 1 0",
"2019 1 Valcea 0 0 0 2 1 3 2 3 1 1 2 0",
"2019 1 Vrancea 1 2 1 1 1 3 2 3 1 4 2 5",
"2019 1 Bucuresti 4 2 3 5 5 4 10 6 7 5 2 5",
