"2020 1 Alba -138 -173 -160 -152 -131 -142 -79 -97 -70",
"2020 1 Arad -190 -193 -258 -375 -210 -112 -74 -150 -135",
"2020 1 Arges -299 -259 -395 -244 -258 -167 -278 -369 -205",
"2020 1 Bacau -353 -368 -352 -325 -323 -339 -262 -277 -211",
"2020 1 Bihor -210 -201 -239 -259 -164 -98 -32 -112 -125",
"2020 1 BistritaNasaud -30 -67 -84 -55 -66 -35 -5 17 -4",
"2020 1 Botosani -222 -269 -303 -314 -191 -171 -139 -79 -129",
"2020 1 Brasov -93 -151 -140 -131 -78 -64 -25 -73 -14",
"2020 1 Braila -238 -250 -279 -245 -222 -205 -263 -249 -185",
"2020 1 Buzau -289 -361 -359 -277 -236 -258 -266 -332 -258",
"2020 1 CarasSeverin -152 -212 -226 -214 -159 -168 -162 -129 -101",
"2020 1 Calarasi -131 -208 -202 -211 -147 -166 -142 -141 -91",
"2020 1 Cluj -142 -194 -251 -102 -150 -73 -30 -89 -38",
"2020 1 Constanta -198 -230 -354 -271 -86 -196 -125 -137 -115",
"2020 1 Covasna -46 -90 -56 -37 -45 -7 -8 -76 -29",
"2020 1 Dambovita -212 -303 -304 -240 -158 -184 -214 -272 -119",
"2020 1 Dolj -412 -453 -451 -450 -324 -363 -211 -284 -195",
"2020 1 Galati -264 -334 -377 -386 -245 -221 -221 -175 -125",
"2020 1 Giurgiu -192 -228 -241 -230 -178 -165 -159 -129 -118",
"2020 1 Gorj -107 -158 -206 -195 -144 -149 -130 -142 -125",
"2020 1 Harghita -103 -117 -83 -62 -103 -31 -43 -6 -53",
"2020 1 Hunedoara -288 -285 -307 -404 -257 -223 -166 -285 -234",
"2020 1 Ialomita -151 -159 -173 -169 -174 -127 -123 -106 -98",
"2020 1 Iasi -14 -249 -260 -154 -120 -3 15 4 285",
"2020 1 Ilfov 71 -8 -78 25 -1 5 104 9 81",
"2020 1 Maramures -180 -223 -283 -139 -190 -66 5 -121 -119",
"2020 1 Mehedinti -159 -179 -183 -189 -180 -191 -95 -146 -104",
"2020 1 Mures -95 -210 -295 -273 -164 -67 -1 -118 -59",
"2020 1 Neamt -341 -281 -269 -301 -346 -322 -221 -253 -251",
"2020 1 Olt -298 -236 -411 -360 -292 -299 -221 -283 -209",
"2020 1 Prahova -485 -522 -462 -458 -356 -364 -465 -484 -338",
"2020 1 SatuMare -149 -205 -222 -173 -93 -55 -38 -38 -59",
"2020 1 Salaj -73 -49 -113 -66 -45 -31 -3 -28 25",
"2020 1 Sibiu -61 -148 -167 -110 -107 -27 1 -66 -31",
"2020 1 Suceava -27 -196 -380 -430 -134 -64 72 149 92",
"2020 1 Teleorman -351 -360 -336 -358 -327 -300 -290 -355 -242",
"2020 1 Timis 154 -236 -109 -191 24 -51 119 -84 -37",
"2020 1 Tulcea -146 -154 -144 -110 -114 -122 -88 -132 -66",
"2020 1 Vaslui -129 -283 -281 -225 -176 -147 -51 -67 -4",
"2020 1 Valcea -112 -122 -150 -101 -84 -132 -66 -93 -15",
"2020 1 Vrancea -142 -191 -221 -244 -159 -154 -161 -161 -102",
"2020 1 Bucuresti -384 -457 -570 -509 -463 -233 -461 -406 -7",
