"2020 1 Alba 38 28 65 43 40 54 89 62 59 64 45 57",
"2020 1 Arad 36 38 44 67 83 75 83 80 84 64 41 57",
"2020 1 Arges 71 128 122 92 123 143 172 170 175 192 126 97",
"2020 1 Bacau 64 88 78 47 81 124 106 112 95 113 85 78",
"2020 1 Bihor 73 96 141 85 120 128 88 109 167 154 119 104",
"2020 1 BistritaNasaud 46 48 52 40 49 51 95 76 59 101 42 63",
"2020 1 Botosani 22 47 51 23 29 80 42 38 36 57 24 107",
"2020 1 Brasov 48 70 119 49 78 129 76 96 183 92 55 73",
"2020 1 Braila 13 32 37 26 19 39 55 37 26 37 54 51",
"2020 1 Buzau 48 47 40 20 45 43 63 74 51 46 39 40",
"2020 1 CarasSeverin 13 12 12 10 7 17 17 33 12 15 7 6",
"2020 1 Calarasi 17 32 42 25 22 41 53 52 27 41 34 39",
"2020 1 Cluj 129 173 162 129 118 204 220 192 236 180 135 146",
"2020 1 Constanta 98 135 146 102 115 157 170 221 221 159 158 156",
"2020 1 Covasna 5 23 16 16 32 20 10 18 29 17 17 27",
"2020 1 Dambovita 72 106 116 43 89 116 136 172 132 147 123 121",
"2020 1 Dolj 78 134 107 79 50 83 125 103 101 84 93 160",
"2020 1 Galati 53 92 91 29 58 98 132 106 115 109 97 99",
"2020 1 Giurgiu 61 43 73 42 52 78 61 58 77 56 69 91",
"2020 1 Gorj 31 37 30 26 45 69 54 53 54 55 42 66",
"2020 1 Harghita 12 23 20 17 33 33 53 42 63 40 43 24",
"2020 1 Hunedoara 15 26 18 13 17 32 31 35 22 31 23 26",
"2020 1 Ialomita 27 24 39 15 37 53 56 51 80 55 29 35",
"2020 1 Iasi 168 239 166 172 208 227 235 283 276 271 199 207",
"2020 1 Ilfov 234 322 286 238 302 287 392 456 415 394 369 395",
"2020 1 Maramures 111 48 119 81 103 111 127 93 121 109 73 131",
"2020 1 Mehedinti 27 26 24 15 29 30 34 46 34 25 25 28",
"2020 1 Mures 41 43 73 35 58 78 60 68 65 53 28 48",
"2020 1 Neamt 44 60 57 61 80 76 97 117 106 84 70 57",
"2020 1 Olt 30 50 51 21 54 72 70 54 59 65 46 42",
"2020 1 Prahova 54 101 125 81 111 129 137 145 147 130 100 143",
"2020 1 SatuMare 54 53 69 27 53 66 66 112 68 60 78 71",
"2020 1 Salaj 24 37 20 45 40 64 54 52 52 49 30 28",
"2020 1 Sibiu 31 30 42 36 55 70 54 60 73 69 38 38",
"2020 1 Suceava 180 190 159 92 150 249 251 259 239 200 205 185",
"2020 1 Teleorman 5 12 30 22 19 25 32 30 17 22 14 23",
"2020 1 Timis 113 210 203 173 269 267 240 260 243 287 192 210",
"2020 1 Tulcea 14 12 9 11 15 17 22 20 15 20 11 14",
"2020 1 Vaslui 21 38 29 22 24 55 59 87 50 53 30 34",
"2020 1 Valcea 35 47 52 37 55 57 52 39 69 52 38 48",
"2020 1 Vrancea 30 56 47 28 60 57 85 87 79 99 61 52",
"2020 1 Bucuresti 35 44 42 55 35 77 60 73 57 66 45 53",
