"2020 1 Alba 5356 5482 5190 4968 5277 5432 5672",
"2020 1 Arad 2367 2201 2234 2478 2696 3327 4558",
"2020 1 Arges 8094 8136 8096 8079 8294 9412 10383",
"2020 1 Bacau 11107 11332 10983 10857 10094 10454 10966",
"2020 1 Bihor 3972 3839 4155 4316 4147 4239 5187",
"2020 1 BistritaNasaud 3482 3517 3216 3295 3024 3307 3828",
"2020 1 Botosani 3578 3371 3132 3156 3261 3421 4021",
"2020 1 Brasov 5148 5029 5113 5477 5361 5812 6362",
"2020 1 Braila 4412 4355 4301 4475 4647 4508 4653",
"2020 1 Buzau 11171 11099 10990 11242 11276 11506 12293",
"2020 1 CarasSeverin 3351 3324 3236 2984 3036 3319 3865",
"2020 1 Calarasi 3200 3136 3012 2829 2924 3183 3740",
"2020 1 Cluj 4465 4357 4479 4786 4814 5514 6240",
"2020 1 Constanta 7213 7048 6763 6458 5967 6497 6872",
"2020 1 Covasna 2701 2656 2680 2880 3157 3263 3870",
"2020 1 Dambovita 6432 6364 6207 6035 6072 6179 6167",
"2020 1 Dolj 18067 17999 17131 18140 18675 18996 19131",
"2020 1 Galati 10414 10323 10247 10350 10600 10768 11726",
"2020 1 Giurgiu 1624 1599 1640 1763 1786 1944 2226",
"2020 1 Gorj 4557 4392 4314 4069 3612 4270 5073",
"2020 1 Harghita 5115 4977 4843 5087 5063 5244 5730",
"2020 1 Hunedoara 5426 5546 5822 6220 6594 6380 6435",
"2020 1 Ialomita 4225 4243 3996 3782 3864 4060 4351",
"2020 1 Iasi 8011 8106 7613 7909 8168 8446 9037",
"2020 1 Ilfov 776 777 738 657 657 677 851",
"2020 1 Maramures 5062 4713 4530 4216 4183 4536 5312",
"2020 1 Mehedinti 6960 7005 6923 6069 5801 6328 6695",
"2020 1 Mures 6502 6400 6094 5782 5535 5520 6067",
"2020 1 Neamt 7610 7604 7500 7269 5811 6286 7944",
"2020 1 Olt 8731 8503 8318 8573 8238 8673 9288",
"2020 1 Prahova 7041 6854 6656 7223 7413 7888 8889",
"2020 1 SatuMare 3706 3733 3834 4172 4422 4659 4860",
"2020 1 Salaj 4325 4381 4226 4344 4452 4556 5075",
"2020 1 Sibiu 3501 3529 3688 4087 4065 4309 5199",
"2020 1 Suceava 10937 10871 10389 10280 10161 10735 11563",
"2020 1 Teleorman 9232 9696 9304 8808 8216 8565 8836",
"2020 1 Timis 2977 2681 2449 2763 2896 3220 3270",
"2020 1 Tulcea 2842 2856 2800 2715 2576 2718 2792",
"2020 1 Vaslui 10318 10208 9600 8421 7943 6972 7798",
"2020 1 Valcea 4720 4553 4591 4967 4995 5301 5916",
"2020 1 Vrancea 4998 4898 4853 4777 4637 5002 5458",
"2020 1 Bucuresti 15191 15050 14996 15186 15225 15241 15290",
