"2020 1 Alba 175247 185037 193208 62578 130022 151077 197319 192327 238302 272841",
"2020 1 Arad 232442 240808 245753 119499 135353 170972 180585 166759 236431 237160",
"2020 1 Arges 367181 367526 356565 107199 182483 264885 305350 208505 370438 414523",
"2020 1 Bacau 73903 85615 89656 71103 73530 88255 100024 88108 105025 116257",
"2020 1 Bihor 178698 179703 177703 120827 139018 166329 185391 151666 192293 209627",
"2020 1 BistritaNasaud 46439 51661 43991 24495 33351 49595 54937 40167 52609 59021",
"2020 1 Botosani 20739 23194 19740 6787 16279 21358 20718 12831 17394 17983",
"2020 1 Brasov 250880 280053 271783 184837 196468 228509 254688 223552 272608 287895",
"2020 1 Braila 10726 11927 14968 14145 13106 28022 11977 10430 13083 15301",
"2020 1 Buzau 34513 37930 66697 28715 55278 32179 50110 35148 38535 48179",
"2020 1 CarasSeverin 23625 21903 19941 10914 11707 17711 17876 17551 23608 21627",
"2020 1 Calarasi 20163 16104 28102 16055 14744 22188 23112 13646 17718 19887",
"2020 1 Cluj 219104 243901 250024 171371 176636 212592 246117 228597 270441 278830",
"2020 1 Constanta 313139 167055 178147 59253 96059 139378 231013 195087 150368 182652",
"2020 1 Covasna 21910 27044 29227 19157 20442 23433 22115 21388 22951 25740",
"2020 1 Dambovita 43909 46215 47913 36323 36092 42448 57274 57784 63941 68418",
"2020 1 Dolj 219346 232546 211134 51026 99014 158269 193406 115570 235784 219811",
"2020 1 Galati 90192 85722 92661 76671 61371 74102 89486 77613 98287 100467",
"2020 1 Giurgiu 18459 20970 17525 11547 15668 18224 22370 13007 20536 15475",
"2020 1 Gorj 4542 4147 4286 2929 3351 3352 3573 3511 4771 4482",
"2020 1 Harghita 35017 37128 39015 36118 27727 33040 43055 30068 35908 44833",
"2020 1 Hunedoara 50948 53227 55825 36877 40022 45796 51063 33077 51554 60421",
"2020 1 Ialomita 24592 25439 32730 11145 13099 17158 22548 21150 18020 17529",
"2020 1 Iasi 78563 90228 84510 54003 60898 74519 85588 68984 83710 86557",
"2020 1 Ilfov 548079 599867 608013 441690 489236 563349 597161 552296 648925 669745",
"2020 1 Maramures 87511 83074 82936 57802 57936 74635 89237 73054 86429 105755",
"2020 1 Mehedinti 9437 9883 5918 3882 5971 7538 10231 6140 9835 10164",
"2020 1 Mures 141196 142835 202636 95429 132967 206840 136983 171753 207535 146703",
"2020 1 Neamt 30592 36573 34701 22433 25829 28343 36432 28593 36250 37960",
"2020 1 Olt 61371 72490 56940 36633 47008 60386 70237 57048 65147 74279",
"2020 1 Prahova 323692 323207 313166 207488 221404 269956 284553 270931 291080 346823",
"2020 1 SatuMare 87566 89940 91921 48738 53924 64847 84292 81421 95026 104142",
"2020 1 Salaj 29552 32218 32339 23947 25082 24666 23064 23710 25872 30265",
"2020 1 Sibiu 206488 210197 237325 145644 119496 146471 184958 166766 206800 225905",
"2020 1 Suceava 53830 57754 52501 36318 37840 52675 71305 50546 57513 75860",
"2020 1 Teleorman 15475 15341 14411 13714 14411 12874 17427 13687 14937 26648",
"2020 1 Timis 530162 547094 556492 319488 347563 432354 492890 462166 551795 590608",
"2020 1 Tulcea 17689 31285 19447 19186 23417 18246 24249 19690 30706 32450",
"2020 1 Vaslui 11019 10202 10082 6279 8935 10589 12228 8834 10566 12963",
"2020 1 Valcea 29430 36366 27209 21857 26824 32791 30531 24191 31793 28466",
"2020 1 Vrancea 18966 18068 19837 12913 15251 23231 25041 15277 18685 20201",
"2020 1 Bucuresti 2148917 2300794 2264164 1674182 1653308 1984066 2141818 1989541 2524195 2614966",
