"2020 1 Alba 6 24 43 14 21 35 49 29 18 67 30",
"2020 1 Arad 3 26 20 12 71 53 36 35 51 87 50",
"2020 1 Arges 7 150 91 50 28 45 117 25 104 96 11",
"2020 1 Bacau 61 67 63 19 33 133 43 81 75 65 88",
"2020 1 Bihor 25 38 102 45 29 84 66 62 87 85 103",
"2020 1 BistritaNasaud 5 0 36 3 0 51 2 21 14 8 26",
"2020 1 Botosani 4 47 27 37 28 31 43 54 39 23 30",
"2020 1 Brasov 38 92 85 53 20 61 53 79 103 56 109",
"2020 1 Braila 11 52 43 16 23 52 40 37 60 36 22",
"2020 1 Buzau 5 39 36 23 28 44 43 30 33 33 31",
"2020 1 CarasSeverin 1 41 43 9 7 37 11 50 14 28 19",
"2020 1 Calarasi 6 28 38 9 42 44 38 32 24 22 29",
"2020 1 Cluj 37 67 34 31 45 98 39 63 101 40 68",
"2020 1 Constanta 35 106 91 79 53 92 48 71 121 132 69",
"2020 1 Covasna 6 26 9 4 8 42 7 25 27 31 14",
"2020 1 Dambovita 21 82 46 38 26 53 36 62 66 47 60",
"2020 1 Dolj 24 58 11 40 38 39 39 22 46 49 59",
"2020 1 Galati 3 40 30 35 15 52 110 104 121 131 83",
"2020 1 Giurgiu 9 23 14 16 14 32 15 20 19 74 18",
"2020 1 Gorj 21 45 34 19 28 55 28 22 57 71 33",
"2020 1 Harghita 12 28 21 17 31 36 10 23 27 17 22",
"2020 1 Hunedoara 39 47 76 37 14 72 27 45 41 70 63",
"2020 1 Ialomita 4 42 31 130 3 23 9 35 19 68 4",
"2020 1 Iasi 57 112 71 53 27 130 86 101 101 85 125",
"2020 1 Ilfov 17 45 38 23 39 56 42 41 56 57 57",
"2020 1 Maramures 26 84 15 26 47 70 44 52 65 33 17",
"2020 1 Mehedinti 3 26 4 4 13 22 9 2 78 36 7",
"2020 1 Mures 16 80 35 62 26 32 83 30 42 97 37",
"2020 1 Neamt 30 37 65 52 52 78 43 55 83 62 31",
"2020 1 Olt 4 11 6 2 12 31 6 17 39 85 21",
"2020 1 Prahova 45 134 30 90 16 74 86 67 75 100 45",
"2020 1 SatuMare 27 31 41 29 6 23 28 42 35 12 52",
"2020 1 Salaj 9 28 24 7 19 22 35 22 23 23 16",
"2020 1 Sibiu 8 60 38 57 29 24 69 70 36 44 32",
"2020 1 Suceava 33 77 57 21 32 92 78 98 71 69 77",
"2020 1 Teleorman 27 30 54 9 13 32 29 20 42 60 37",
"2020 1 Timis 26 47 42 69 91 90 57 63 71 90 42",
"2020 1 Tulcea 2 8 18 12 5 19 23 29 32 39 10",
"2020 1 Vaslui 6 52 42 28 17 97 37 37 43 68 43",
"2020 1 Valcea 6 13 13 6 10 20 14 13 15 8 12",
"2020 1 Vrancea 12 30 36 9 0 35 21 10 38 7 34",
"2020 1 Bucuresti 99 111 236 85 78 144 164 157 159 234 251",
