"2020 1 Alba 234 201 215 191 201 218 283",
"2020 1 Arad 323 273 275 231 251 308 385",
"2020 1 Arges 419 390 336 373 354 434 513",
"2020 1 Bacau 505 350 362 373 357 408 458",
"2020 1 Bihor 446 374 393 350 388 472 565",
"2020 1 BistritaNasaud 262 198 225 239 216 243 311",
"2020 1 Botosani 305 218 195 244 272 310 319",
"2020 1 Brasov 513 402 396 405 436 506 559",
"2020 1 Braila 207 148 149 136 146 179 201",
"2020 1 Buzau 341 220 206 239 266 271 284",
"2020 1 CarasSeverin 174 136 140 127 115 131 175",
"2020 1 Calarasi 229 160 156 149 189 175 231",
"2020 1 Cluj 591 472 461 571 518 556 663",
"2020 1 Constanta 592 431 409 408 572 475 616",
"2020 1 Covasna 201 139 128 150 145 197 198",
"2020 1 Dambovita 338 249 264 275 292 350 407",
"2020 1 Dolj 479 345 332 311 390 423 516",
"2020 1 Galati 376 279 266 212 315 399 414",
"2020 1 Giurgiu 200 143 140 139 145 176 186",
"2020 1 Gorj 264 169 173 163 169 165 211",
"2020 1 Harghita 236 181 237 229 207 249 248",
"2020 1 Hunedoara 249 179 209 203 201 237 318",
"2020 1 Ialomita 182 141 162 163 143 196 243",
"2020 1 Iasi 819 528 528 596 525 723 753",
"2020 1 Ilfov 428 339 315 363 345 401 430",
"2020 1 Maramures 376 278 247 317 253 348 437",
"2020 1 Mehedinti 163 137 118 112 106 135 238",
"2020 1 Mures 527 392 366 375 411 468 558",
"2020 1 Neamt 345 288 295 287 244 315 384",
"2020 1 Olt 286 236 176 173 199 233 301",
"2020 1 Prahova 513 406 412 382 427 480 543",
"2020 1 SatuMare 252 180 175 174 226 280 347",
"2020 1 Salaj 234 182 165 153 199 205 244",
"2020 1 Sibiu 359 271 273 282 310 348 398",
"2020 1 Suceava 646 492 408 480 539 667 743",
"2020 1 Teleorman 176 152 170 111 165 171 273",
"2020 1 Timis 601 447 445 413 488 559 685",
"2020 1 Tulcea 138 93 103 113 132 141 158",
"2020 1 Vaslui 355 190 183 214 263 268 382",
"2020 1 Valcea 227 165 163 187 193 173 254",
"2020 1 Vrancea 242 179 192 134 207 252 274",
"2020 1 Bucuresti 1618 1374 1294 1351 1353 1541 1709",
