"2020 1 Alba 372 374 375 343 332 360 362 355 377 513 575 603",
"2020 1 Arad 513 466 533 606 461 420 459 519 519 586 909 896",
"2020 1 Arges 718 649 731 617 612 601 791 782 656 732 1089 1135",
"2020 1 Bacau 858 718 714 698 680 747 720 815 783 980 1033 1080",
"2020 1 Bihor 656 575 632 609 552 570 597 661 666 803 1092 1081",
"2020 1 BistritaNasaud 292 265 309 294 282 278 316 293 309 381 480 549",
"2020 1 Botosani 527 487 498 558 463 481 458 411 514 563 753 807",
"2020 1 Brasov 606 553 536 536 514 570 584 614 582 730 912 911",
"2020 1 Braila 445 398 428 381 368 384 464 450 400 462 559 728",
"2020 1 Buzau 630 581 565 516 502 529 550 602 547 636 795 852",
"2020 1 CarasSeverin 326 348 366 341 274 299 337 320 301 607 545 553",
"2020 1 Calarasi 360 368 358 360 336 341 373 389 357 445 596 650",
"2020 1 Cluj 733 666 712 673 668 629 693 690 680 811 1157 1090",
"2020 1 Constanta 790 661 763 679 658 671 741 759 694 819 1066 1279",
"2020 1 Covasna 247 229 184 187 190 204 206 238 232 247 368 337",
"2020 1 Dambovita 550 552 568 515 450 534 621 666 564 756 907 934",
"2020 1 Dolj 891 798 783 761 714 786 727 806 778 902 1027 1158",
"2020 1 Galati 640 613 643 598 560 620 635 604 561 656 786 978",
"2020 1 Giurgiu 392 371 381 369 323 341 345 340 354 403 494 583",
"2020 1 Gorj 371 327 379 358 313 314 341 386 370 480 520 472",
"2020 1 Harghita 339 298 320 291 310 280 291 291 323 445 543 500",
"2020 1 Hunedoara 537 464 516 607 458 460 484 550 522 698 905 844",
"2020 1 Ialomita 333 300 335 332 317 323 366 318 320 402 495 559",
"2020 1 Iasi 833 777 788 750 645 726 738 744 728 914 1120 1227",
"2020 1 Ilfov 357 347 393 338 346 396 326 401 350 441 534 585",
"2020 1 Maramures 556 501 530 456 443 414 432 562 534 687 876 754",
"2020 1 Mehedinti 322 316 301 301 286 326 333 315 280 359 475 445",
"2020 1 Mures 622 602 661 648 575 535 559 619 556 756 1148 1007",
"2020 1 Neamt 686 569 564 588 590 637 605 631 629 775 871 852",
"2020 1 Olt 584 472 587 533 491 532 522 553 505 653 815 832",
"2020 1 Prahova 998 928 874 840 783 844 1008 1004 903 1154 1601 1529",
"2020 1 SatuMare 401 385 397 347 319 335 385 363 360 453 694 583",
"2020 1 Salaj 307 231 278 219 244 236 247 235 215 366 461 361",
"2020 1 Sibiu 420 419 440 392 417 375 397 411 407 508 749 686",
"2020 1 Suceava 673 688 788 910 673 731 671 676 712 859 1009 1053",
"2020 1 Teleorman 527 512 506 469 492 471 563 535 487 623 713 756",
"2020 1 Timis 447 683 554 604 464 610 566 683 679 769 1163 1356",
"2020 1 Tulcea 284 247 247 223 246 263 246 259 243 317 391 453",
"2020 1 Vaslui 484 473 464 439 439 415 433 458 439 549 637 729",
"2020 1 Valcea 339 287 313 288 277 305 320 354 285 448 524 466",
"2020 1 Vrancea 384 370 413 378 366 406 435 421 375 424 568 639",
"2020 1 Bucuresti 2002 1831 1864 1860 1816 1774 2170 2086 1877 2379 2814 3224",
