"2020 1 Alba 15031 20165 3281 23517 22015 43093 28412 5984 -8328",
"2020 1 Arad 28873 26297 -23001 -24594 12140 33193 48181 35263 18169",
"2020 1 Arges 82044 125795 59244 -4479 68681 80719 88372 28638 146067",
"2020 1 Bacau -14307 -19616 -25001 -28163 -25107 -33038 -36847 -40908 -41475",
"2020 1 Bihor 3171 8221 -12011 -22707 -18528 4035 8864 17566 9907",
"2020 1 BistritaNasaud 7194 1630 -801 -1856 -3936 -5401 -4713 -3297 -1238",
"2020 1 Botosani 3420 3917 -1946 1232 996 -552 3138 5274 3368",
"2020 1 Brasov 46018 33740 2472 -41587 -7737 22684 12686 28520 40113",
"2020 1 Braila -189 2512 -4828 7264 -4505 -14322 1624 6968 1501",
"2020 1 Buzau 17170 19386 -14776 14649 -14076 10591 -4642 13943 31569",
"2020 1 CarasSeverin 6809 10295 6858 2571 9045 3145 5820 3134 2901",
"2020 1 Calarasi 3323 7483 -10478 -3638 6171 -6479 9259 5459 4333",
"2020 1 Cluj -71414 -96087 -113439 -82798 -68956 -71166 -73873 -99858 -82857",
"2020 1 Constanta -179720 -41052 -73943 -17461 -44389 -41773 -136482 -106462 5700",
"2020 1 Covasna 3522 -1029 -6237 -2722 -4642 -3621 1162 -835 -150",
"2020 1 Dambovita 4694 6434 6278 3389 7395 11729 4360 -9820 -6703",
"2020 1 Dolj 120255 88072 19502 -10508 48111 57025 69510 51109 90825",
"2020 1 Galati -11970 17546 -9998 1072 9036 -12933 102946 -10840 -25586",
"2020 1 Giurgiu -13231 -15374 -11835 -8175 -11530 -13261 -15942 -8447 -13585",
"2020 1 Gorj -1631 986 2160 -794 -1325 1911 2932 46 -82",
"2020 1 Harghita -13273 -14636 -18402 -22042 -10616 -11031 -16346 -10802 -12160",
"2020 1 Hunedoara 13124 21390 8496 -3248 15010 24481 30460 5965 27559",
"2020 1 Ialomita -11916 -12341 -22064 -2190 -3933 -7496 -8980 -10091 -3822",
"2020 1 Iasi -9658 -10208 -11793 -19340 -15004 -10385 -17573 -5646 -11251",
"2020 1 Ilfov -323190 -363497 -369381 -278783 -310305 -327012 -341638 -326044 -342271",
"2020 1 Maramures +25938 +38585 +20407 +14645 +25081 +34610 +31696 +26697 +31270",
"2020 1 Mehedinti -547 1982 6765 1817 1492 -246 7046 476 8220",
"2020 1 Mures -53369 -48036 -112569 -25572 -34134 -111588 -32807 -75893 -106367",
"2020 1 Neamt -633 -4484 -4608 -7454 -5789 1664 -3236 -6997 -2966",
"2020 1 Olt 69061 49368 56467 41200 47469 49960 53617 64005 69934",
"2020 1 Prahova -101930 -91784 -95737 -44607 -53432 -82703 -72039 -101177 -81332",
"2020 1 SatuMare -4560 -4807 -9924 -4245 1353 5553 -8469 -8638 384",
"2020 1 Salaj 23340 26909 24687 27353 8783 11809 14147 5455 8753",
"2020 1 Sibiu 60108 60566 -323 -29093 52026 63962 47710 35006 63868",
"2020 1 Suceava -12198 -15904 -13398 -12391 -8446 -12692 -28155 -15643 -14643",
"2020 1 Teleorman -862 -1060 -3920 -4278 -3920 -3621 -7110 -6040 -4240",
"2020 1 Timis 77575 114042 10712 -53774 31446 113104 120489 61845 127318",
"2020 1 Tulcea -5252 -23023 125498 50448 -12505 -10138 -14248 73027 27222",
"2020 1 Vaslui 2868 4512 2853 2861 -578 1850 1007 1855 1883",
"2020 1 Valcea -8572 -13714 -5317 -6505 -10045 -12594 -9062 -8326 -9769",
"2020 1 Vrancea 2890 1009 -1848 -2260 -1920 -3132 -1493 8089 3862",
"2020 1 Bucuresti -1099245 -1284234 -1322826 -1096078 -964814 -1144628 -1219721 -1159855 -1510487",
