"2020 1 Alba 2879 2887 2897 2720 2761 3011 3003 2992 3011 3048 3068 3370",
"2020 1 Arad 2771 2793 2810 2504 2656 2816 2812 2766 2851 2901 3014 3105",
"2020 1 Arges 2926 2892 2896 2850 2917 2966 3164 3035 3125 3212 3136 3352",
"2020 1 Bacau 2826 2805 2900 2748 2893 2943 3085 2993 3003 2990 3092 3286",
"2020 1 Bihor 2514 2554 2556 2493 2593 2658 2657 2629 2666 2682 2744 2781",
"2020 1 BistritaNasaud 2527 2565 2610 2385 2546 2607 2688 2634 2681 2731 2873 2803",
"2020 1 Botosani 2737 2754 2725 2659 2706 2850 2996 2845 2807 2860 2833 2919",
"2020 1 Brasov 2905 2909 2959 2819 2817 3000 2940 2953 2983 2995 3152 3346",
"2020 1 Braila 2669 2665 2643 2661 2670 2761 2947 2766 2789 2736 2871 2909",
"2020 1 Buzau 2552 2566 2598 2479 2470 2572 2588 2579 2596 2620 2636 2773",
"2020 1 CarasSeverin 2617 2830 2865 2667 2529 2744 2930 2743 2848 2843 2861 2940",
"2020 1 Calarasi 2671 2682 2708 2633 2673 2732 2955 2726 2758 2780 2813 2913",
"2020 1 Cluj 3616 3662 3898 3590 3816 3763 3991 3871 3936 3968 4058 4238",
"2020 1 Constanta 2945 2934 2987 3007 2997 3026 3022 3042 3043 3032 3078 3460",
"2020 1 Covasna 2473 2475 2432 2395 2422 2640 2517 2460 2510 2484 2504 2667",
"2020 1 Dambovita 2594 2612 2576 2613 2668 2723 2876 2733 2738 2778 2810 2929",
"2020 1 Dolj 2975 2992 2996 2922 2901 2999 3064 3103 3098 3100 3111 3280",
"2020 1 Galati 2954 2979 2995 2998 3041 3066 3205 3043 3113 3136 3127 3245",
"2020 1 Giurgiu 2802 2772 2849 2871 2937 3026 3005 2912 2889 2933 2940 3040",
"2020 1 Gorj 2830 2828 2820 2952 3016 3028 3473 3060 3028 3053 3024 3382",
"2020 1 Harghita 2541 2582 2582 2492 2447 2612 2669 2641 2686 2709 2715 2818",
"2020 1 Hunedoara 2550 2577 2598 2513 2628 2731 2795 2761 2767 2798 2788 2899",
"2020 1 Ialomita 2708 2661 2640 2687 2714 2809 2876 2677 2717 2784 2786 2917",
"2020 1 Iasi 3107 3112 3148 3031 3133 3247 3389 3229 3232 3277 3305 3452",
"2020 1 Ilfov 3297 3267 3313 3154 3062 3240 3378 3225 3313 3304 3405 3700",
"2020 1 Maramures 2531 2536 2501 2342 2490 2615 2716 2601 2624 2650 2710 2731",
"2020 1 Mehedinti 2865 2899 2917 2925 2910 2998 3122 3022 2972 2984 3009 3123",
"2020 1 Mures 2969 2984 2959 2988 3015 3148 3102 3112 3088 3143 3188 3312",
"2020 1 Neamt 2520 2545 2519 2491 2515 2669 2715 2678 2694 2687 2742 2872",
"2020 1 Olt 2895 2896 2937 2866 2855 2920 3061 3107 3027 3035 3102 3320",
"2020 1 Prahova 2935 3034 3080 2983 3017 3052 3206 3025 3104 3061 3124 3323",
"2020 1 SatuMare 2626 2660 2699 2420 2579 2779 2758 2756 2773 2831 2888 2942",
"2020 1 Salaj 2588 2639 2592 2560 2521 2628 2710 2581 2715 2847 2766 2767",
"2020 1 Sibiu 3228 3155 3253 3185 3333 3208 3297 3249 3353 3419 3511 3627",
"2020 1 Suceava 2465 2494 2479 2326 2421 2550 2618 2552 2692 2599 2593 2653",
"2020 1 Teleorman 2544 2554 2533 2522 2580 2655 2632 2643 2630 2642 2669 2711",
"2020 1 Timis 3290 3308 3397 3372 3234 3479 3403 3423 3421 3458 3917 3821",
"2020 1 Tulcea 2772 2764 2785 2808 2801 2915 2931 2978 2967 3011 2911 3062",
"2020 1 Vaslui 2597 2641 2671 2542 2614 2760 2853 2667 2773 2792 2762 2819",
"2020 1 Valcea 2649 2646 2652 2601 2630 2705 2741 2746 2753 2758 2774 2894",
"2020 1 Vrancea 2473 2479 2506 2502 2558 2557 2563 2549 2524 2502 2538 2711",
"2020 1 Bucuresti 4104 4124 4393 4246 4073 4258 4320 4139 4218 4243 4289 4716",
