"2020 1 Alba 52 104 36 15 36 71 221",
"2020 1 Arad 117 179 143 53 73 183 308",
"2020 1 Arges 108 142 86 49 69 146 326",
"2020 1 Bacau 171 181 133 62 77 121 319",
"2020 1 Bihor 94 182 141 46 85 191 399",
"2020 1 BistritaNasaud 58 83 47 13 40 55 138",
"2020 1 Botosani 112 84 63 19 46 90 204",
"2020 1 Brasov 126 220 139 34 100 155 375",
"2020 1 Braila 67 81 50 18 18 58 127",
"2020 1 Buzau 86 105 59 12 35 113 202",
"2020 1 CarasSeverin 67 92 71 17 37 69 145",
"2020 1 Calarasi 60 81 37 16 42 88 161",
"2020 1 Cluj 128 205 159 53 115 253 456",
"2020 1 Constanta 179 208 153 53 100 224 374",
"2020 1 Covasna 49 73 56 10 28 44 106",
"2020 1 Dambovita 75 147 48 25 47 117 267",
"2020 1 Dolj 104 126 91 31 74 140 262",
"2020 1 Galati 152 187 130 58 41 140 272",
"2020 1 Giurgiu 44 73 45 22 27 86 185",
"2020 1 Gorj 72 67 52 11 32 96 160",
"2020 1 Harghita 51 66 54 18 36 61 153",
"2020 1 Hunedoara 110 116 88 27 62 110 214",
"2020 1 Ialomita 51 80 56 7 33 86 149",
"2020 1 Iasi 305 250 182 74 121 183 533",
"2020 1 Ilfov 90 174 108 17 69 174 389",
"2020 1 Maramures 118 163 73 23 90 122 224",
"2020 1 Mehedinti 66 53 40 10 28 81 126",
"2020 1 Mures 109 201 128 19 43 136 268",
"2020 1 Neamt 95 115 73 25 59 91 219",
"2020 1 Olt 63 79 65 23 32 100 149",
"2020 1 Prahova 122 214 138 32 73 208 417",
"2020 1 SatuMare 71 94 49 32 57 88 160",
"2020 1 Salaj 44 83 51 11 30 51 120",
"2020 1 Sibiu 54 143 87 31 69 102 237",
"2020 1 Suceava 244 258 110 33 105 144 550",
"2020 1 Teleorman 54 92 53 62 42 60 119",
"2020 1 Timis 86 208 152 87 56 205 227",
"2020 1 Tulcea 38 42 36 7 26 49 101",
"2020 1 Vaslui 114 128 94 39 95 72 200",
"2020 1 Valcea 44 46 36 12 15 45 114",
"2020 1 Vrancea 64 57 40 18 32 60 167",
"2020 1 Bucuresti 442 582 601 185 193 721 1325",
