"2020 1 Alba 4733 4740 4744 4447 4523 4906 4895",
"2020 1 Arad 4507 4536 4570 4081 4319 4569 4571",
"2020 1 Arges 4777 4711 4710 4659 4753 4812 5089",
"2020 1 Bacau 4584 4542 4683 4427 4647 4705 4879",
"2020 1 Bihor 4115 4182 4173 4063 4196 4290 4328",
"2020 1 BistritaNasaud 4083 4137 4180 3828 4077 4191 4307",
"2020 1 Botosani 4493 4522 4464 4369 4441 4629 4779",
"2020 1 Brasov 4764 4774 4850 4610 4624 4916 4817",
"2020 1 Braila 4413 4401 4368 4413 4420 4533 4766",
"2020 1 Buzau 4166 4192 4240 4049 4040 4187 4204",
"2020 1 CarasSeverin 4666 4725 4388 4193 4366 4517 4761",
"2020 1 Calarasi 4395 4405 4454 4333 4393 4467 4743",
"2020 1 Cluj 5855 5926 6296 5802 6149 6069 6385",
"2020 1 Constanta 4819 4794 4854 4908 4882 4921 4898",
"2020 1 Covasna 4081 4080 4007 3885 3971 4248 4110",
"2020 1 Dambovita 4266 4295 4224 4265 4304 4423 4587",
"2020 1 Dolj 4922 4948 4950 4840 4794 4951 5051",
"2020 1 Galati 4853 4879 4893 4905 4967 4993 5171",
"2020 1 Giurgiu 4484 4432 4524 4580 4654 4755 4756",
"2020 1 Gorj 4685 4689 4672 4734 4821 4953 5447",
"2020 1 Harghita 4132 4188 4173 4033 3975 4228 4314",
"2020 1 Hunedoara 4200 4235 4258 4108 4286 4463 4541",
"2020 1 Ialomita 4417 4336 4314 4397 4431 4543 4589",
"2020 1 Iasi 5068 5072 5122 4944 5097 5252 5408",
"2020 1 Ilfov 5397 5359 5422 5134 4980 5273 5493",
"2020 1 Maramures 4112 4119 4050 3797 4029 4209 4324",
"2020 1 Mehedinti 4676 4735 4755 4775 4742 4883 4959",
"2020 1 Mures 4883 4906 4855 4896 4938 5109 5059",
"2020 1 Neamt 4135 4153 4112 4065 4117 4329 5321",
"2020 1 Olt 4710 4708 4773 4694 4666 4735 4923",
"2020 1 Prahova 4767 4929 5003 4839 4891 4927 5124",
"2020 1 SatuMare 4242 4290 4352 3948 4158 4407 4381",
"2020 1 Salaj 4169 4235 4161 4140 4077 4200 4316",
"2020 1 Sibiu 5317 5184 5335 5227 5476 5254 5402",
"2020 1 Suceava 4029 4067 4040 3805 3942 4131 4220",
"2020 1 Teleorman 4240 4244 4202 4180 4267 4382 4338",
"2020 1 Timis 5408 5431 5566 5518 5303 5678 5562",
"2020 1 Tulcea 4577 4558 4597 4664 4629 4779 4808",
"2020 1 Vaslui 4293 4348 4422 4164 4287 4479 4565",
"2020 1 Valcea 4338 4327 4335 4250 4304 4417 4461",
"2020 1 Vrancea 4099 4108 4147 4141 4231 4226 4222",
"2020 1 Bucuresti 6750 6776 7215 6967 6672 6972 7070",
