"2020 1 Alba 21270 17210 6126 1899 1130 11649 33960 54904 29779 16355 7709",
"2020 1 Arad 23204 21826 11256 1689 2129 9072 19672 21185 19259 15920 11027",
"2020 1 Arges 22191 17945 5736 1620 2332 8095 17823 27964 19962 12886 10646",
"2020 1 Bacau 23072 17852 8093 51 2720 10455 24151 34191 27199 22520 17232",
"2020 1 Bihor 78242 58541 24647 3132 2830 21238 102301 174156 129243 76832 33281",
"2020 1 BistritaNasaud 9631 9112 3960 0 400 4883 12384 18875 12423 10101 5204",
"2020 1 Botosani 5379 3706 1762 0 201 2188 4306 4037 4609 4288 3960",
"2020 1 Brasov 253700 206664 49455 131 4344 50409 124144 220164 163249 132628 96194",
"2020 1 Braila 7788 9638 8201 1463 1514 5451 13695 17485 12932 11079 7692",
"2020 1 Buzau 10411 8804 4760 490 1351 2814 4296 7549 7987 7499 6576",
"2020 1 CarasSeverin 36901 31277 16733 2155 2587 16729 72522 107877 71286 44859 22935",
"2020 1 Calarasi 2445 4261 1235 0 0 1119 2884 3433 2758 1518 1311",
"2020 1 Cluj 64937 71488 23420 1079 3653 20165 46787 68374 56081 40509 28230",
"2020 1 Constanta 39977 42604 22467 3936 3202 253552 1148732 1443334 456840 47739 23640",
"2020 1 Covasna 26444 21760 8868 0 935 8803 39567 59618 50936 42570 23970",
"2020 1 Dambovita 15504 19221 11219 1225 1048 9576 18989 24790 20225 16099 13521",
"2020 1 Dolj 15718 14956 5319 1308 1159 4165 9075 10281 10123 8843 7525",
"2020 1 Galati 12769 12000 6725 1074 983 3778 5802 7498 9820 8632 8738",
"2020 1 Giurgiu 2366 3409 2269 494 104 244 227 255 270 268 298",
"2020 1 Gorj 18815 15489 5537 4615 720 7225 15437 24654 15326 9250 6774",
"2020 1 Harghita 33988 23090 10146 0 133 4650 22577 42592 23806 13055 15270",
"2020 1 Hunedoara 17179 17036 7162 140 0 4775 11207 22401 18445 11015 7848",
"2020 1 Ialomita 7712 8637 2188 0 279 2715 10056 19315 11454 6970 2717",
"2020 1 Iasi 31672 33448 17606 726 2761 15867 21365 27003 27804 26767 19485",
"2020 1 Ilfov 16075 17534 6086 1538 1451 3457 5714 8643 6873 6101 5045",
"2020 1 Maramures 30702 26132 6711 502 1362 12496 31202 62289 32627 18855 10463",
"2020 1 Mehedinti 5786 7668 4605 0 632 11040 28626 38735 28091 13006 5965",
"2020 1 Mures 73992 64773 18833 0 0 11542 63665 106875 67855 43325 20613",
"2020 1 Neamt 19519 14643 8091 40 521 10139 39658 66323 37469 24207 15701",
"2020 1 Olt 6675 6489 3119 2524 1648 1267 4410 3466 2360 2642 3022",
"2020 1 Prahova 111989 88476 21457 0 1026 26222 75712 112232 75506 60227 43804",
"2020 1 SatuMare 14360 11392 2530 0 868 3951 9064 10210 8061 6957 7265",
"2020 1 Salaj 4923 5800 2947 0 209 1912 4968 5980 4375 2708 1862",
"2020 1 Sibiu 60699 44493 13465 0 568 18710 57971 100408 67298 38499 16829",
"2020 1 Suceava 77673 49867 14411 1289 1532 16900 60950 107285 67899 48578 30825",
"2020 1 Teleorman 1819 1174 1144 0 0 897 1721 1674 2048 1228 1644",
"2020 1 Timis 55972 60253 19614 4583 7604 24172 33231 39602 37732 32101 23367",
"2020 1 Tulcea 5582 5858 2144 756 1031 30099 73768 97875 61223 16179 4583",
"2020 1 Vaslui 4410 4427 1467 32 34 1648 3080 4423 3986 3466 3642",
"2020 1 Valcea 77896 59827 27076 0 423 15292 92769 169035 126492 84007 43439",
"2020 1 Vrancea 4020 3526 1933 0 0 443 2175 2932 2590 2362 2222",
"2020 1 Bucuresti 222133 242270 63175 6705 10241 35501 65853 66958 77697 71197 57682",
