"2020 1 Alba 11000 10260 3162 755 766 6727 17682 30091 17126 9419 4671 4618",
"2020 1 Arad 16564 13114 6457 614 1178 6131 11199 11377 10937 9754 7419 8493",
"2020 1 Arges 13578 12618 4441 1193 1989 5748 13606 19241 14685 10154 8153 6355",
"2020 1 Bacau 10940 9775 4295 8 766 5361 10811 14480 12717 10363 9591 7669",
"2020 1 Bihor 36530 28515 9787 2201 2521 10315 32517 56156 38997 21931 12717 12247",
"2020 1 BistritaNasaud 5849 5056 1839 0 279 2727 6937 10383 6875 5491 2565 3293",
"2020 1 Botosani 3205 2613 1134 0 114 933 1915 2122 2662 2433 2236 1761",
"2020 1 Brasov 121673 100657 25579 61 2129 26895 63315 109681 83706 71383 51389 58891",
"2020 1 Braila 4880 5483 3135 486 571 3194 5582 6298 4698 3733 3161 1938",
"2020 1 Buzau 5686 4971 2487 250 704 1456 2359 3844 4181 3882 3266 2713",
"2020 1 CarasSeverin 14123 11949 5299 307 861 7432 23273 35395 20652 12508 6872 5057",
"2020 1 Calarasi 1142 1385 465 0 0 508 1562 1676 1331 974 481 421",
"2020 1 Cluj 35671 38656 12106 635 2334 12915 26353 38201 32718 23710 15697 14677",
"2020 1 Constanta 18199 19020 9278 827 1679 84750 325188 391482 124927 15996 8526 4649",
"2020 1 Covasna 9671 8328 2399 0 393 3664 8796 13472 10925 8911 6470 5625",
"2020 1 Dambovita 7891 7855 4684 257 561 4679 7914 11065 9265 6981 5757 4664",
"2020 1 Dolj 8646 8359 2919 740 695 2640 5128 5974 5257 5266 4452 4825",
"2020 1 Galati 7551 7086 3768 612 681 2613 4010 4934 5635 5236 4971 4576",
"2020 1 Giurgiu 1459 1771 1101 164 72 134 116 156 189 201 217 179",
"2020 1 Gorj 8491 7331 2296 1498 396 4541 9544 16273 9937 5986 4052 7416",
"2020 1 Harghita 14740 12578 6045 0 16 2355 10132 19415 12807 6930 7664 6702",
"2020 1 Hunedoara 10916 10414 4102 24 0 3491 5334 10858 8499 6308 4882 5970",
"2020 1 Ialomita 2028 2300 1101 0 154 1421 3054 4775 2833 2028 1565 1109",
"2020 1 Iasi 19722 20669 9678 392 1729 10933 12116 16203 16090 14971 11331 10117",
"2020 1 Ilfov 10746 11622 3555 754 795 2282 4153 6341 5225 4506 3596 2831",
"2020 1 Maramures 17035 15085 3456 266 709 6024 15972 29245 17951 11025 6170 7853",
"2020 1 Mehedinti 3829 4231 2170 0 252 5842 13913 19003 14222 6814 2894 2470",
"2020 1 Mures 36554 33381 10913 0 0 7524 29586 50256 32596 21301 10300 10877",
"2020 1 Neamt 11899 9913 3751 32 298 6202 22448 38701 21244 12958 8257 8929",
"2020 1 Olt 2285 2497 1005 215 219 720 1308 1076 918 1119 1362 862",
"2020 1 Prahova 48558 41204 10777 0 631 14653 34369 50118 35974 29774 21536 22857",
"2020 1 SatuMare 10793 8731 1885 0 413 3181 6651 7681 6742 5764 6220 6171",
"2020 1 Salaj 2370 2591 1054 0 131 919 2349 2631 1912 1311 800 1107",
"2020 1 Sibiu 34058 27837 8000 0 348 11080 33922 60741 38593 22763 9548 13731",
"2020 1 Suceava 36880 24702 7707 144 516 9651 27648 49969 30568 22472 15185 19368",
"2020 1 Teleorman 857 890 586 0 0 409 601 772 933 459 531 530",
"2020 1 Timis 26236 26216 7917 1366 3559 9813 14986 16679 17414 13422 10235 10991",
"2020 1 Tulcea 2583 2823 868 127 322 12226 27080 37109 25231 6991 2159 1910",
"2020 1 Vaslui 2870 3146 1032 32 30 1244 2351 2863 3054 2617 2536 2050",
"2020 1 Valcea 32707 23746 10455 0 221 7795 30519 52238 35603 22288 14206 11657",
"2020 1 Vrancea 3073 2612 1118 0 0 366 1327 1735 1641 1403 1334 1384",
"2020 1 Bucuresti 122768 132455 38299 2925 5537 22456 40152 40701 46981 41565 33754 32209",
