"2020 1 Alba 95345 95426 95060 93867 93592 93663 93636 93827 94083 94180 94215",
"2020 1 Arad 134846 134962 134442 132750 132359 132461 132423 132694 133057 133194 133243",
"2020 1 Arges 161121 161258 160643 158643 158181 158301 158256 158576 159006 159169 159226",
"2020 1 Bacau 116999 117099 116650 115188 114851 114938 114905 115139 115453 115572 115614",
"2020 1 Bihor 176563 176711 176045 173878 173379 173508 173459 173807 174272 174448 174510",
"2020 1 BistritaNasaud 69784 69843 69577 68712 68513 68564 68545 68683 68869 68940 68964",
"2020 1 Botosani 57422 57472 57248 56519 56351 56395 56378 56495 56652 56711 56732",
"2020 1 Brasov 191805 191968 191235 188849 188299 188441 188388 188770 189282 189476 189544",
"2020 1 Braila 70730 70791 70516 69621 69415 69469 69448 69592 69784 69856 69882",
"2020 1 Buzau 86947 87021 86688 85606 85356 85421 85396 85570 85802 85890 85921",
"2020 1 CarasSeverin 54248 54294 54087 53415 53260 53300 53285 53393 53537 53592 53611",
"2020 1 Calarasi 45777 45816 45641 45072 44941 44975 44962 45053 45175 45222 45238",
"2020 1 Cluj 263459 263680 262691 259473 258730 258923 258850 259366 260057 260319 260411",
"2020 1 Constanta 188265 188424 187712 185395 184861 184999 184947 185318 185816 186004 186070",
"2020 1 Covasna 51283 51328 51127 50475 50324 50363 50348 50453 50593 50646 50665",
"2020 1 Dambovita 86973 87048 86712 85622 85370 85436 85411 85586 85820 85909 85940",
"2020 1 Dolj 140750 140869 140335 138598 138197 138301 138262 138540 138913 139055 139104",
"2020 1 Galati 120474 120577 120116 118618 118272 118362 118328 118568 118890 119012 119055",
"2020 1 Giurgiu 37480 37512 37372 36918 36814 36841 35807 35877 35971 36007 36020",
"2020 1 Gorj 76485 76550 76255 75294 75073 75130 75108 75262 75469 75547 75574",
"2020 1 Harghita 71445 71506 71232 70341 70135 70189 70169 70311 70503 70575 70601",
"2020 1 Hunedoara 110208 110303 109877 108490 108170 108253 108222 108444 108741 108854 108894",
"2020 1 Ialomita 46513 46553 46374 45792 45658 45692 45679 45773 45897 45945 45962",
"2020 1 Iasi 178617 178770 178083 175848 175333 175467 175416 175774 176254 176436 176500",
"2020 1 Ilfov 168403 168542 167919 165890 165422 165543 165497 165822 166258 166423 166481",
"2020 1 Maramures 111902 111997 111570 110182 109862 109945 110681 110906 111206 111320 111360",
"2020 1 Mehedinti 45359 45399 45222 44646 44514 44548 44535 44627 44751 44798 44814",
"2020 1 Mures 141980 142102 141556 139779 139369 139476 139436 139720 140102 140246 140297",
"2020 1 Neamt 88575 88651 88311 87206 86951 87017 86992 87169 87407 87497 87528",
"2020 1 Olt 74699 74763 74475 73536 73320 73376 73355 73505 73706 73783 73810",
"2020 1 Prahova 183248 183404 182701 180415 179887 180024 179973 180339 180830 181016 181081",
"2020 1 SatuMare 83559 83630 83309 82264 82023 82086 82062 82230 82454 82539 82569",
"2020 1 Salaj 51924 51968 51769 51121 50971 51010 50996 51099 51239 51291 51310",
"2020 1 Sibiu 139832 139953 139412 137650 137244 137349 137309 137592 137970 138113 138164",
"2020 1 Suceava 113956 114052 113621 112222 111899 111983 111951 112175 112476 112590 112630",
"2020 1 Teleorman 56153 56201 55984 55280 55117 55159 54015 54126 54274 54330 54349",
"2020 1 Timis 255110 255329 254349 251162 250426 250617 250545 251056 251740 251999 252091",
"2020 1 Tulcea 47904 47944 47761 47164 47026 47062 47048 47144 47272 47321 47338",
"2020 1 Vaslui 56638 56687 56470 55763 55600 55643 55627 55740 55892 55949 55969",
"2020 1 Valcea 82557 82627 82310 81278 81040 81102 81078 81244 81465 81549 81579",
"2020 1 Vrancea 60984 61036 60804 60048 59873 59918 59901 60022 60185 60246 60268",
"2020 1 Bucuresti 1047022 1047918 1043900 1030831 1027817 1028597 1028308 1030399 1033199 1034265 1034639",
