"2020 1 Alba 0 4 0 0 0 2 5 2",
"2020 1 Arad 2 2 1 2 3 2 2 3",
"2020 1 Arges 1 0 2 3 2 0 5 3",
"2020 1 Bacau 4 3 0 3 2 1 3 3",
"2020 1 Bihor 2 2 0 4 3 3 4 2",
"2020 1 BistritaNasaud 2 4 1 3 2 0 0 1",
"2020 1 Botosani 1 1 2 5 2 1 1 1",
"2020 1 Brasov 4 6 1 4 0 4 7 2",
"2020 1 Braila 0 0 1 0 2 1 1 1",
"2020 1 Buzau 1 2 2 0 0 1 0 2",
"2020 1 CarasSeverin 1 0 1 1 0 2 0 1",
"2020 1 Calarasi 2 2 1 3 2 0 2 3",
"2020 1 Cluj 2 3 1 4 3 1 5 1",
"2020 1 Constanta 9 4 4 5 3 2 6 5",
"2020 1 Covasna 1 2 2 1 0 4 1 1",
"2020 1 Dambovita 2 1 3 1 0 2 2 3",
"2020 1 Dolj 3 2 4 1 3 1 2 4",
"2020 1 Galati 0 6 5 3 3 2 3 1",
"2020 1 Giurgiu 0 1 2 0 0 1 2 1",
"2020 1 Gorj 2 2 1 1 3 0 0 2",
"2020 1 Harghita 0 1 2 2 2 2 5 1",
"2020 1 Hunedoara 1 3 2 1 0 2 1 2",
"2020 1 Ialomita 1 1 1 1 2 2 1 0",
"2020 1 Iasi 5 3 4 4 3 3 5 3",
"2020 1 Ilfov 3 2 3 2 1 3 2 1",
"2020 1 Maramures 4 3 5 3 2 0 0 1",
"2020 1 Mehedinti 0 1 0 0 5 0 0 1",
"2020 1 Mures 2 4 4 7 3 1 3 2",
"2020 1 Neamt 1 2 0 1 1 3 2 2",
"2020 1 Olt 3 0 4 3 2 5 2 2",
"2020 1 Prahova 3 7 2 2 1 4 3 2",
"2020 1 SatuMare 3 2 3 5 2 4 4 1",
"2020 1 Salaj 1 1 0 1 3 0 1 3",
"2020 1 Sibiu 2 1 3 3 3 3 2 1",
"2020 1 Suceava 8 7 7 2 2 10 2 11",
"2020 1 Teleorman 1 1 0 1 1 1 2 1",
"2020 1 Timis 4 4 3 4 2 1 2 3",
"2020 1 Tulcea 3 0 1 2 1 1 1 2",
"2020 1 Vaslui 2 1 1 3 1 0 2 1",
"2020 1 Valcea 0 2 1 0 0 1 2 2",
"2020 1 Vrancea 3 3 1 2 0 0 0 0",
"2020 1 Bucuresti 4 6 2 2 7 7 8 4",
