"2020 1 Alba 190288 205212 196508 86124 152070 194444 225774 198382 229335",
"2020 1 Arad 261342 267151 222920 95008 147555 204190 228872 202168 254599",
"2020 1 Arges 449185 493366 415748 102703 251139 345568 393236 236904 516220",
"2020 1 Bacau 59723 65948 64662 42966 48464 55228 63193 47225 63356",
"2020 1 Bihor 181771 188012 165739 97974 120600 170459 194423 169266 201430",
"2020 1 BistritaNasaud 53639 53313 43201 22658 29446 44208 50235 36935 51300",
"2020 1 Botosani 24162 27123 17801 8030 17288 20818 23672 18107 20699",
"2020 1 Brasov 296917 313837 274286 143314 188795 251223 267435 252007 312321",
"2020 1 Braila 10541 14456 10152 21436 8632 13710 13620 17435 14125",
"2020 1 Buzau 51692 57349 51938 43397 41227 42781 45513 48650 70022",
"2020 1 CarasSeverin 30437 32208 26803 13493 20760 20862 23708 20709 26371",
"2020 1 Calarasi 23494 23598 17632 12427 20932 15716 32375 19101 22013",
"2020 1 Cluj 147729 147941 136666 88672 107801 141475 172322 129086 186998",
"2020 1 Constanta 133440 126061 104246 41840 50962 97640 94684 88720 164928",
"2020 1 Covasna 25439 26031 23005 16464 15834 19822 23295 20606 22719",
"2020 1 Dambovita 48604 52670 54183 39738 43522 54163 61661 48941 58667",
"2020 1 Dolj 339613 320654 230661 40572 147176 215316 262991 166655 326360",
"2020 1 Galati 78236 103313 82681 77791 70461 61185 192442 66290 71870",
"2020 1 Giurgiu 5232 5610 5700 3385 4090 4970 6426 4427 6552",
"2020 1 Gorj 2913 5143 6450 2145 2037 5267 6516 3581 4660",
"2020 1 Harghita 21761 22540 20634 14121 17153 22023 26757 19267 23585",
"2020 1 Hunedoara 64080 74641 64333 33633 55061 70294 81540 39069 78979",
"2020 1 Ialomita 12682 13111 10672 8973 9186 9666 13576 11104 14072",
"2020 1 Iasi 68927 80071 72742 34723 45945 64156 68054 63286 72248",
"2020 1 Ilfov 224903 236426 238693 163143 179009 236217 255677 226801 306402",
"2020 1 Maramures 113162 121400 102883 71340 82885 108650 119935 98232 115253",
"2020 1 Mehedinti 8906 11875 12686 5709 7475 7261 17277 6645 18015",
"2020 1 Mures 87843 94864 89989 69902 98880 95276 104226 95991 100669",
"2020 1 Neamt 29975 32116 30105 15005 20063 30018 33229 21711 33182",
"2020 1 Olt 130437 121883 113430 77852 94502 110316 123864 121063 134773",
"2020 1 Prahova 221773 231473 217459 162924 168023 187279 212512 169603 209716",
"2020 1 SatuMare 83021 85184 82027 44539 55335 70378 75896 72882 94870",
"2020 1 Salaj 52898 59101 57035 51305 33866 36481 37221 29160 34250",
"2020 1 Sibiu 266619 270818 236984 116553 171581 210525 232721 201892 274932",
"2020 1 Suceava 41679 41922 39131 23971 29458 40012 43228 35086 42472",
"2020 1 Teleorman 14163 14281 10491 9436 10491 9253 10317 7647 10697",
"2020 1 Timis 607680 661018 567213 266179 379239 545439 613460 523192 679292",
"2020 1 Tulcea 12442 8252 144951 69643 10944 8042 10018 92756 57920",
"2020 1 Vaslui 13887 14569 12937 9142 8366 12474 13452 10875 12306",
"2020 1 Valcea 20864 22669 21899 15367 16803 20204 21488 15919 21951",
"2020 1 Vrancea 21861 19090 17998 10654 13351 20109 23563 23402 22600",
"2020 1 Bucuresti 1049524 1015888 941247 577616 687703 839378 922079 829222 1010559",
