"2021 1 Alba 56 70 72 35 156 153 315 306 256",
"2021 1 Arad 109 125 145 136 216 281 409 463 352",
"2021 1 Arges 94 99 124 91 224 354 542 563 542",
"2021 1 Bacau 141 195 184 130 306 356 680 828 468",
"2021 1 Bihor 118 168 180 149 298 377 566 553 498",
"2021 1 BistritaNasaud 74 71 76 37 156 148 289 325 264",
"2021 1 Botosani 91 80 109 64 249 183 369 444 305",
"2021 1 Brasov 99 157 182 118 251 361 528 560 457",
"2021 1 Braila 51 62 65 68 107 143 207 232 200",
"2021 1 Buzau 74 99 85 52 177 278 352 416 325",
"2021 1 CarasSeverin 52 49 82 53 110 84 227 270 192",
"2021 1 Calarasi 48 44 48 49 137 182 225 259 207",
"2021 1 Cluj 107 148 195 149 460 427 678 659 588",
"2021 1 Constanta 146 191 193 138 339 416 606 676 637",
"2021 1 Covasna 80 65 67 79 105 106 150 172 140",
"2021 1 Dambovita 67 83 112 80 182 281 472 557 373",
"2021 1 Dolj 132 128 154 163 279 328 506 612 530",
"2021 1 Galati 124 139 150 172 268 294 477 627 433",
"2021 1 Giurgiu 36 48 52 36 132 167 248 265 208",
"2021 1 Gorj 57 73 77 74 149 202 303 404 276",
"2021 1 Harghita 67 84 55 96 143 141 219 208 202",
"2021 1 Hunedoara 91 110 125 96 189 212 376 374 277",
"2021 1 Ialomita 45 62 57 53 114 136 208 237 207",
"2021 1 Iasi 206 262 226 195 633 558 1005 1000 789",
"2021 1 Ilfov 58 118 140 109 235 455 583 567 521",
"2021 1 Maramures 157 107 119 88 264 226 487 664 347",
"2021 1 Mehedinti 50 69 77 72 115 145 218 239 198",
"2021 1 Mures 141 132 174 133 258 261 461 491 360",
"2021 1 Neamt 120 114 123 79 245 284 547 663 404",
"2021 1 Olt 52 67 84 84 178 185 313 388 347",
"2021 1 Prahova 109 160 180 152 286 405 603 649 532",
"2021 1 SatuMare 84 71 69 68 171 161 303 489 247",
"2021 1 Salaj 41 54 53 58 126 128 197 219 161",
"2021 1 Sibiu 80 97 132 65 172 240 368 371 322",
"2021 1 Suceava 250 201 218 127 425 387 964 1081 714",
"2021 1 Teleorman 49 54 42 64 133 128 199 254 238",
"2021 1 Timis 107 173 181 151 231 395 421 403 403",
"2021 1 Tulcea 35 41 45 40 109 96 162 179 149",
"2021 1 Vaslui 127 125 116 80 211 163 315 434 300",
"2021 1 Valcea 49 23 40 30 52 106 183 213 178",
"2021 1 Vrancea 60 64 79 44 143 154 293 461 245",
"2021 1 Bucuresti 405 577 734 686 918 1418 1565 1481 1522",
