"2021 1 Alba 185476 225933 266467 244758 215216 208842 206207",
"2021 1 Arad 235295 246026 306419 272407 248699 261057 249524",
"2021 1 Arges 438345 471580 489823 432492 544500 523003 442340",
"2021 1 Bacau 71209 68302 81535 86148 86558 89498 86706",
"2021 1 Bihor 191822 211007 210396 197449 191892 194364 198537",
"2021 1 BistritaNasaud 55076 58385 62317 55490 46074 55309 51353",
"2021 1 Botosani 16766 19151 18238 15394 17184 18702 20233",
"2021 1 Brasov 286070 312373 335137 321548 284983 311160 286409",
"2021 1 Braila 20091 7919 13427 16224 8960 25078 58904",
"2021 1 Buzau 49198 51474 81996 59413 74281 73375 62043",
"2021 1 CarasSeverin 27196 24709 28768 25173 26999 26882 21883",
"2021 1 Calarasi 20880 17735 24089 24036 26265 28795 46943",
"2021 1 Cluj 156384 168217 190616 176648 175529 183451 179439",
"2021 1 Constanta 85883 126338 122188 138404 127010 135188 88034",
"2021 1 Covasna 17462 22699 25115 18813 20985 23871 25720",
"2021 1 Dambovita 63377 70285 83387 78302 77796 109149 98990",
"2021 1 Dolj 294784 282199 232295 322956 126280 223745 271182",
"2021 1 Galati 89104 97134 110993 125140 187182 163530 178930",
"2021 1 Giurgiu 4961 5569 7985 7094 7702 17571 7467",
"2021 1 Gorj 3051 4726 4399 6248 4272 4703 6123",
"2021 1 Harghita 20394 23628 24620 23985 23282 26172 26774",
"2021 1 Hunedoara 71027 76226 86034 91676 82027 74346 73851",
"2021 1 Ialomita 13272 12013 13759 22139 13152 19874 12099",
"2021 1 Iasi 66367 72696 93698 86669 83145 93532 84181",
"2021 1 Ilfov 241253 259392 275120 276435 278615 303698 286492",
"2021 1 Maramures 107022 110594 123734 116213 118546 128139 131124",
"2021 1 Mehedinti 14262 12471 18863 17510 13427 12384 13606",
"2021 1 Mures 106962 104778 130217 117499 122803 127262 144721",
"2021 1 Neamt 28405 31233 36197 36786 33105 43590 44061",
"2021 1 Olt 122535 128956 144238 142100 134352 146500 148821",
"2021 1 Prahova 172022 191765 213530 199222 197964 195032 208938",
"2021 1 SatuMare 85540 88768 100417 88437 91546 94434 96270",
"2021 1 Salaj 34008 51630 67615 58867 64535 58220 41956",
"2021 1 Sibiu 239432 258686 283112 246602 223253 246994 225815",
"2021 1 Suceava 39863 44572 46134 45844 48070 52263 55000",
"2021 1 Teleorman 12866 13605 14744 14488 13657 13764 13155",
"2021 1 Timis 579970 618517 725284 639391 595588 609274 632202",
"2021 1 Tulcea 12528 8910 9830 22608 58248 8680 142470",
"2021 1 Vaslui 10931 13301 12052 10304 11131 11431 12735",
"2021 1 Valcea 18814 19387 24741 24684 21104 22489 21193",
"2021 1 Vrancea 16290 16129 11968 14311 15622 17311 23625",
"2021 1 Bucuresti 916073 975177 1181317 1046424 995793 1017007 1151719",
