"2021 1 Alba 6736 6881 6332 5962 5543 5315 4984 4788 4815 4601",
"2021 1 Arad 4077 4144 4486 4201 4009 3956 3849 3740 3540 3329",
"2021 1 Arges 9843 9986 9875 9531 9017 8706 8488 8441 8254 8128",
"2021 1 Bacau 12021 12186 12516 12118 11987 11960 12042 11916 11881 11547",
"2021 1 Bihor 5822 5880 6280 5449 5198 4813 4388 4288 3864 3773",
"2021 1 BistritaNasaud 4368 4566 4613 4356 4307 4224 4176 4075 4044 4027",
"2021 1 Botosani 4108 4154 3888 3518 3264 3071 3091 3157 2944 2805",
"2021 1 Brasov 6608 6493 6551 6148 6009 6511 6599 6504 5934 5637",
"2021 1 Braila 5389 5391 5265 5053 4732 4409 4040 3987 3932 3773",
"2021 1 Buzau 13102 12033 10295 9701 9222 9407 9521 9497 9373 8823",
"2021 1 CarasSeverin 3547 3779 3760 3545 3483 3334 3338 3189 3036 2865",
"2021 1 Calarasi 3610 3428 3252 2924 2829 2980 3050 3052 3030 2921",
"2021 1 Cluj 6407 6158 6129 5967 5710 5409 5215 5026 4756 4374",
"2021 1 Constanta 8330 8485 8170 7064 6393 6068 5774 5316 5360 5671",
"2021 1 Covasna 4303 4220 4153 4080 4025 3980 3705 3612 3472 3223",
"2021 1 Dambovita 5775 5700 5956 6139 6151 6044 5930 5661 5412 5235",
"2021 1 Dolj 18848 19037 18384 17416 16776 16171 15693 15571 15452 15198",
"2021 1 Galati 11856 11733 11622 10918 11020 10977 10910 10915 10780 10221",
"2021 1 Giurgiu 2062 2150 2235 2315 2139 2278 2229 2165 2151 1988",
"2021 1 Gorj 5121 5166 5108 4564 4432 4139 4146 4218 4218 4267",
"2021 1 Harghita 6303 6030 6023 5577 5379 5147 5050 4956 4665 4545",
"2021 1 Hunedoara 5426 5875 5743 5615 5432 5289 5412 6700 6275 6036",
"2021 1 Ialomita 4732 4857 4627 4316 4146 4133 4191 4091 4009 3904",
"2021 1 Iasi 9708 9810 9676 9214 9004 8846 8835 8759 8533 7980",
"2021 1 Ilfov 1466 1382 1439 1453 1406 1362 1257 1211 1113 1074",
"2021 1 Maramures 3991 4048 4100 4132 4032 4209 4553 4614 4460 3976",
"2021 1 Mehedinti 6281 6266 6277 6020 5824 5845 5957 6006 5793 5676",
"2021 1 Mures 6241 6442 6703 6616 6491 6111 6237 5897 5606 5751",
"2021 1 Neamt 9252 9097 9119 8154 7591 7382 7162 7024 6935 6483",
"2021 1 Olt 9546 9552 9391 8718 8415 8202 8292 8289 8106 7859",
"2021 1 Prahova 8445 8517 8442 8103 7763 7421 7118 7024 6384 6033",
"2021 1 SatuMare 5516 5398 5042 5011 4836 4742 4585 4483 4568 4458",
"2021 1 Salaj 5326 5267 5288 5029 4974 4880 4982 4835 4663 4494",
"2021 1 Sibiu 5301 5230 4893 4652 4336 4098 3982 3843 3617 3513",
"2021 1 Suceava 10635 11096 11353 11106 10709 10384 10094 10271 10098 10012",
"2021 1 Teleorman 9267 9319 9496 8934 8518 8864 8861 8632 8713 8782",
"2021 1 Timis 4497 4402 4180 4010 3726 3267 3213 3255 3011 2883",
"2021 1 Tulcea 2634 2779 2841 2801 2708 2730 2625 2546 2336 2388",
"2021 1 Vaslui 9367 9672 10431 10072 9659 9686 9578 9179 8896 8656",
"2021 1 Valcea 5656 6053 6049 5681 5570 5138 5009 4964 4877 4775",
"2021 1 Vrancea 5619 5793 6015 5824 5824 5817 5868 5781 5800 5584",
"2021 1 Bucuresti 15074 15006 14974 14891 14867 14826 14745 14602 14445 14272",
