"2021 1 Alba 1 1 1 2 0 3 0 1 1 1",
"2021 1 Arad 3 3 2 0 1 1 0 2 3 1",
"2021 1 Arges 1 2 7 1 3 1 3 1 2 2",
"2021 1 Bacau 2 2 3 1 4 2 3 0 3 5",
"2021 1 Bihor 2 3 7 5 3 1 2 0 6 0",
"2021 1 BistritaNasaud 2 3 0 1 1 5 0 0 3 4",
"2021 1 Botosani 2 5 2 3 1 2 4 2 1 1",
"2021 1 Brasov 1 3 3 2 1 0 3 1 9 3",
"2021 1 Braila 2 1 2 1 1 1 1 1 0 2",
"2021 1 Buzau 0 2 3 1 2 2 3 1 0 1",
"2021 1 CarasSeverin 0 0 0 1 2 0 0 0 2 0",
"2021 1 Calarasi 0 1 6 0 2 1 1 3 2 2",
"2021 1 Cluj 5 2 1 3 2 2 3 4 1 3",
"2021 1 Constanta 3 3 2 1 2 0 5 5 5 8",
"2021 1 Covasna 1 0 0 1 1 1 2 0 0 0",
"2021 1 Dambovita 2 4 1 4 1 1 0 0 4 3",
"2021 1 Dolj 4 2 1 3 3 8 3 4 4 4",
"2021 1 Galati 0 0 1 1 0 1 2 4 4 4",
"2021 1 Giurgiu 0 0 0 0 0 3 4 1 1 0",
"2021 1 Gorj 1 3 1 3 0 1 2 1 0 1",
"2021 1 Harghita 2 0 2 1 2 0 2 3 1 2",
"2021 1 Hunedoara 4 1 1 2 0 1 3 4 2 1",
"2021 1 Ialomita 2 0 2 1 1 1 0 0.33 2 2",
"2021 1 Iasi 4 3 4 3 2 3 1 4 4 6",
"2021 1 Ilfov 1 1 1 1 0 0 2 3 2 1",
"2021 1 Maramures 2 5 2 2 1 2 1 1 4 3",
"2021 1 Mehedinti 1 2 1 2 0 0 1 0 1 0",
"2021 1 Mures 4 1 3 5 4 5 1 1 4 5",
"2021 1 Neamt 10 0 2 2 3 3 1 6 2 3",
"2021 1 Olt 2 1 1 2 0 4 1 2 0 5",
"2021 1 Prahova 0 2 3 3 1 2 2 4 4 1",
"2021 1 SatuMare 0 1 2 3 2 0 3 1 0 1",
"2021 1 Salaj 4 4 3 1 1 0 2 1 0 1",
"2021 1 Sibiu 1 5 1 0 1 5 2 4 1 1",
"2021 1 Suceava 6 7 7 6 3 4 1 9 6 7",
"2021 1 Teleorman 0 0 2 1 2 0 1 0 0 0",
"2021 1 Timis 0 1 2 4 1 3 4 4 2 3",
"2021 1 Tulcea 2 1 0 3 1 1 1 3 3 0",
"2021 1 Vaslui 1 0 2 3 1 1 1 0 3 2",
"2021 1 Valcea 0 0 1 0 0 1 2 0 0 1",
"2021 1 Vrancea 3 2 0 2 0 1 0 1 0 3",
"2021 1 Bucuresti 5 6 6 1 4 2 1 4 5 4",
