"2021 1 Alba 7740 8443 7529 6987 10344 14151 23304 29162 18623",
"2021 1 Arad 7768 7838 10494 9387 12673 16239 21489 25927 19554",
"2021 1 Arges 7511 7717 8125 9673 10912 14299 28950 36634 24113",
"2021 1 Bacau 9072 8389 8581 10050 12407 13160 18144 20805 15326",
"2021 1 Bihor 23002 24015 20881 24114 35336 42379 56766 69453 47768",
"2021 1 BistritaNasaud 3800 3897 3941 4987 5299 6806 9590 15650 9599",
"2021 1 Botosani 2138 2059 2038 2055 2385 2463 3386 4082 3596",
"2021 1 Brasov 100010 89499 54979 48343 62570 69201 111844 141983 106141",
"2021 1 Braila 1289 2563 4064 3640 4437 5374 7140 8233 6198",
"2021 1 Buzau 2817 3215 3685 4191 4508 5268 6837 9230 8840",
"2021 1 CarasSeverin 9011 9944 7565 11078 17010 19924 27100 34382 20881",
"2021 1 Calarasi 357 686 809 994 1055 1122 1440 2283 1842",
"2021 1 Cluj 17771 20504 19925 21600 27936 37249 53802 60377 53863",
"2021 1 Constanta 7963 10710 11360 16710 35789 116347 406618 492604 127913",
"2021 1 Covasna 8816 9208 7709 8824 10063 10778 15413 18045 13754",
"2021 1 Dambovita 5049 5858 6068 6514 7381 7939 12235 11582 9768",
"2021 1 Dolj 5091 4794 5569 5792 5997 6677 7731 8565 8247",
"2021 1 Galati 4457 4737 4495 4919 5466 6282 8567 9611 8768",
"2021 1 Giurgiu 275 331 356 612 846 1098 2135 2120 1741",
"2021 1 Gorj 9602 8047 6850 5435 6744 7009 14711 19204 9444",
"2021 1 Harghita 10316 10585 7654 8527 9413 11048 22406 27647 17380",
"2021 1 Hunedoara 6932 6665 6938 7179 8259 10204 18580 16873 12984",
"2021 1 Ialomita 912 1453 1191 2057 2509 3683 5784 6134 4153",
"2021 1 Iasi 11069 11938 13300 13743 18073 21525 26356 31321 31319",
"2021 1 Ilfov 3495 3520 3497 3647 5288 8224 11124 12028 16585",
"2021 1 Maramures 12362 12452 11120 11172 15300 17718 28370 34559 22585",
"2021 1 Mehedinti 2891 3359 3649 4683 8097 9171 14202 16637 10685",
"2021 1 Mures 18588 22379 20835 22726 27809 28579 45270 56628 39596",
"2021 1 Neamt 11590 9918 8172 10402 15187 18860 29508 41261 24537",
"2021 1 Olt 918 1272 1319 1394 1297 1754 2435 2868 2934",
"2021 1 Prahova 38960 38340 24928 20101 25005 29107 48787 59916 44961",
"2021 1 SatuMare 7176 7226 7072 7613 8138 9158 10617 11630 11199",
"2021 1 Salaj 906 1235 1508 1346 1750 2817 3461 4338 3328",
"2021 1 Sibiu 21829 23161 15788 16431 23870 30872 60945 79675 55304",
"2021 1 Suceava 27187 26560 20646 22686 28794 32374 51878 63092 40663",
"2021 1 Teleorman 293 231 402 384 291 307 268 395 366",
"2021 1 Timis 10152 10430 8987 12056 14843 17349 23889 28413 22715",
"2021 1 Tulcea 1776 2079 2605 4748 16306 22355 27668 34287 17905",
"2021 1 Vaslui 2495 2182 2842 3103 3405 3446 4062 5058 3958",
"2021 1 Valcea 19501 23720 21005 18793 32386 34356 50169 61646 41166",
"2021 1 Vrancea 1466 1517 2319 2545 2654 2989 4524 4491 3860",
"2021 1 Bucuresti 36511 45645 50473 47615 61450 85255 106865 111081 128337",
