"2021 1 Alba 11 54 70 46 47 56 52 60 74 9",
"2021 1 Arad 0 37 30 21 45 42 12 15 22 26",
"2021 1 Arges 8 180 57 52 70 105 90 29 83 48",
"2021 1 Bacau 59 54 114 91 87 83 55 78 52 66",
"2021 1 Bihor 18 80 121 74 54 86 74 74 48 77",
"2021 1 BistritaNasaud 6 0 29 11 23 71 13 25 12 47",
"2021 1 Botosani 5 54 45 72 41 49 46 42 59 41",
"2021 1 Brasov 29 55 115 70 89 47 61 93 87 64",
"2021 1 Braila 9 47 42 25 31 6 64 56 23 52",
"2021 1 Buzau 8 35 39 42 39 50 43 39 35 32",
"2021 1 CarasSeverin 2 26 62 9 23 32 34 5 2 75",
"2021 1 Calarasi 3 17 28 35 34 21 8 32 28 15",
"2021 1 Cluj 35 29 68 77 65 58 26 99 59 24",
"2021 1 Constanta 33 128 104 72 158 73 85 113 75 72",
"2021 1 Covasna 7 14 32 9 22 16 15 13 34 11",
"2021 1 Dambovita 18 70 75 38 54 28 40 49 45 70",
"2021 1 Dolj 34 24 72 36 48 40 28 21 63 61",
"2021 1 Galati 5 83 90 111 85 49 47 54 58 54",
"2021 1 Giurgiu 9 65 26 18 26 17 11 19 29 19",
"2021 1 Gorj 7 21 44 23 46 95 24 32 92 35",
"2021 1 Harghita 5 29 27 31 43 28 32 12 29 24",
"2021 1 Hunedoara 30 64 49 95 36 90 73 33 28 40",
"2021 1 Ialomita 6 27 39 14 20 9 21 50 24 14",
"2021 1 Iasi 44 108 91 98 135 114 58 118 102 102",
"2021 1 Ilfov 13 38 64 50 57 35 66 34 38 49",
"2021 1 Maramures 6 64 62 75 24 64 63 36 76 54",
"2021 1 Mehedinti 2 27 40 42 27 6 6 44 43 31",
"2021 1 Mures 12 61 70 104 86 44 38 74 68 51",
"2021 1 Neamt 35 34 59 60 35 34 55 38 59 27",
"2021 1 Olt 1 37 55 147 14 55 19 22 32 46",
"2021 1 Prahova 24 151 133 92 63 75 50 51 91 93",
"2021 1 SatuMare 33 37 59 42 18 58 36 39 35 33",
"2021 1 Salaj 4 26 56 30 23 27 33 25 19 23",
"2021 1 Sibiu 21 46 70 54 20 26 50 66 24 61",
"2021 1 Suceava 30 47 83 65 58 140 27 29 52 97",
"2021 1 Teleorman 17 21 53 39 22 29 36 22 23 17",
"2021 1 Timis 14 42 50 64 61 68 35 41 61 94",
"2021 1 Tulcea 3 25 46 24 35 20 43 17 40 14",
"2021 1 Vaslui 22 44 73 43 103 67 45 58 48 42",
"2021 1 Valcea 21 17 11 11 19 12 34 32 13 11",
"2021 1 Vrancea 7 33 23 31 49 17 13 26 71 20",
"2021 1 Bucuresti 57 163 226 278 141 208 287 244 202 173",
