"2021 1 Alba 208 163 214 194 221 203 235 276 264 223",
"2021 1 Arad 286 238 255 263 280 309 313 408 349 327",
"2021 1 Arges 382 348 370 333 374 409 403 433 451 412",
"2021 1 Bacau 399 326 393 379 428 471 495 556 629 536",
"2021 1 Bihor 461 443 406 396 405 459 540 585 523 451",
"2021 1 BistritaNasaud 232 172 223 215 245 275 281 340 299 279",
"2021 1 Botosani 292 228 246 246 269 314 336 410 382 322",
"2021 1 Brasov 489 397 464 401 446 482 491 552 556 484",
"2021 1 Braila 176 147 179 172 122 204 187 217 218 176",
"2021 1 Buzau 274 187 248 248 219 296 284 337 336 321",
"2021 1 CarasSeverin 146 108 132 125 119 160 184 215 199 186",
"2021 1 Calarasi 210 173 174 160 191 218 250 262 260 202",
"2021 1 Cluj 480 469 552 554 499 586 590 675 659 531",
"2021 1 Constanta 412 402 475 419 448 479 542 665 633 544",
"2021 1 Covasna 189 134 148 130 159 159 176 203 186 157",
"2021 1 Dambovita 348 312 311 273 314 316 426 381 432 360",
"2021 1 Dolj 386 342 389 366 370 424 489 563 548 467",
"2021 1 Galati 349 279 310 312 349 365 409 476 483 410",
"2021 1 Giurgiu 162 154 169 141 163 173 207 243 203 182",
"2021 1 Gorj 208 160 173 159 199 218 241 276 259 184",
"2021 1 Harghita 225 190 256 242 223 244 241 271 252 270",
"2021 1 Hunedoara 197 202 241 217 195 260 302 266 286 223",
"2021 1 Ialomita 162 146 171 139 167 193 228 256 240 201",
"2021 1 Iasi 692 518 628 577 700 724 877 907 875 881",
"2021 1 Ilfov 335 330 385 320 329 370 442 481 460 386",
"2021 1 Maramures 304 263 323 280 321 346 401 464 427 322",
"2021 1 Mehedinti 149 107 124 131 132 146 214 206 199 166",
"2021 1 Mures 418 356 412 378 451 409 462 483 515 415",
"2021 1 Neamt 300 253 278 252 337 338 312 447 367 342",
"2021 1 Olt 219 237 280 224 179 252 250 282 295 225",
"2021 1 Prahova 454 368 427 397 432 434 537 587 598 459",
"2021 1 SatuMare 236 161 208 190 187 210 302 379 265 246",
"2021 1 Salaj 178 163 196 174 170 201 203 234 242 177",
"2021 1 Sibiu 286 303 350 284 300 349 340 358 364 331",
"2021 1 Suceava 596 507 568 595 647 640 756 904 773 729",
"2021 1 Teleorman 184 125 182 198 173 198 179 197 217 241",
"2021 1 Timis 524 494 506 442 490 555 799 675 602 522",
"2021 1 Tulcea 135 118 139 117 128 132 155 159 149 148",
"2021 1 Vaslui 298 203 260 269 277 368 424 401 450 438",
"2021 1 Valcea 208 160 198 175 192 202 203 260 271 218",
"2021 1 Vrancea 228 191 204 200 220 215 282 306 261 270",
"2021 1 Bucuresti 1435 1239 1439 1377 1454 1571 1664 1736 1772 1649",
