"2021 1 Alba 425 400 516 487 494 350 370 329",
"2021 1 Arad 607 516 678 756 516 484 500 470",
"2021 1 Arges 855 637 811 920 722 676 634 609",
"2021 1 Bacau 902 780 955 1036 766 691 642 686",
"2021 1 Bihor 830 655 820 917 769 624 618 557",
"2021 1 BistritaNasaud 390 283 402 455 345 263 248 301",
"2021 1 Botosani 604 650 614 643 565 467 466 398",
"2021 1 Brasov 711 641 788 863 601 551 550 467",
"2021 1 Braila 542 412 518 558 447 387 422 404",
"2021 1 Buzau 745 543 709 723 602 578 553 534",
"2021 1 CarasSeverin 425 320 464 417 411 331 316 294",
"2021 1 Calarasi 470 366 446 455 402 363 360 388",
"2021 1 Cluj 912 707 1002 1006 802 720 661 635",
"2021 1 Constanta 947 749 930 998 842 640 748 756",
"2021 1 Covasna 284 215 279 344 284 201 191 173",
"2021 1 Dambovita 769 607 807 709 544 523 519 523",
"2021 1 Dolj 930 823 1050 1005 852 796 776 830",
"2021 1 Galati 744 639 786 774 610 571 599 543",
"2021 1 Giurgiu 467 341 471 461 397 343 365 309",
"2021 1 Gorj 412 442 587 425 347 329 322 326",
"2021 1 Harghita 342 316 401 418 389 286 315 259",
"2021 1 Hunedoara 694 632 828 729 576 450 486 535",
"2021 1 Ialomita 466 366 419 430 356 297 345 325",
"2021 1 Iasi 963 846 995 939 871 747 748 705",
"2021 1 Ilfov 462 353 522 519 440 367 362 350",
"2021 1 Maramures 674 782 719 522 519 448 467 398",
"2021 1 Mehedinti 377 338 443 427 341 313 312 306",
"2021 1 Mures 732 674 808 872 682 581 498 546",
"2021 1 Neamt 769 676 839 872 704 596 546 525",
"2021 1 Olt 703 519 653 659 563 532 537 525",
"2021 1 Prahova 1117 904 1136 1217 999 874 813 822",
"2021 1 SatuMare 523 444 521 454 400 369 376 310",
"2021 1 Salaj 352 280 367 330 273 274 217 210",
"2021 1 Sibiu 492 442 573 557 428 391 334 380",
"2021 1 Suceava 1021 818 875 737 699 628 589 623",
"2021 1 Teleorman 676 560 654 642 582 470 466 524",
"2021 1 Timis 777 580 945 762 660 641 569 573",
"2021 1 Tulcea 354 258 328 296 290 238 250 249",
"2021 1 Vaslui 603 510 611 520 431 419 433 422",
"2021 1 Valcea 297 267 451 445 349 268 279 303",
"2021 1 Vrancea 516 400 517 517 433 383 389 374",
"2021 1 Bucuresti 2509 2029 2661 2702 2224 1877 1837 1992",
