"2021 1 Alba 94236 94541 94883 95023 95262 95464 95493 95682 95919",
"2021 1 Arad 130597 131033 131521 131726 132071 132364 132687 132963 133304",
"2021 1 Arges 155950 156406 156924 157108 157457 157744 158068 158335 158679",
"2021 1 Bacau 117387 117723 118108 118238 118494 118703 118939 119133 119385",
"2021 1 Bihor 175502 176053 176674 176923 177355 177718 178122 178464 178890",
"2021 1 BistritaNasaud 68922 69151 69408 69517 69699 69854 70025 70171 70351",
"2021 1 Botosani 57365 57535 57728 57795 57924 58030 58149 58247 58375",
"2021 1 Brasov 188824 189384 190021 190252 190683 191039 191439 191771 192196",
"2021 1 Braila 69393 69627 69890 70002 70188 70346 70520 70669 70853",
"2021 1 Buzau 85188 85436 85719 85818 86007 86163 86338 86483 86670",
"2021 1 CarasSeverin 53060 53186 53334 53368 53458 53527 53608 53670 53759",
"2021 1 Calarasi 45132 45277 45440 45505 45619 45715 45821 45911 46023",
"2021 1 Cluj 261504 262344 263288 263680 264344 264906 265527 266057 266713",
"2021 1 Constanta 186919 187532 188219 188509 188995 189407 189863 190252 190732",
"2021 1 Covasna 49587 49749 49930 50003 50130 50236 50354 50454 50579",
"2021 1 Dambovita 86818 87096 87409 87535 87753 87936 88140 88312 88528",
"2021 1 Dolj 140852 141312 141828 142044 142409 142717 143059 143350 143710",
"2021 1 Galati 118148 118472 118843 118961 119203 119399 119622 119803 120042",
"2021 1 Giurgiu 37163 37269 37390 37433 37515 37582 37657 37720 37800",
"2021 1 Gorj 76255 76495 76765 76870 77056 77212 77386 77532 77716",
"2021 1 Harghita 70368 70579 70819 70907 71070 71205 71357 71483 71644",
"2021 1 Hunedoara 108391 108674 109000 109092 109299 109462 109652 109802 110005",
"2021 1 Ialomita 46404 46540 46694 46748 46851 46936 47031 47110 47212",
"2021 1 Iasi 178117 178679 179313 179562 180001 180369 180778 181123 181557",
"2021 1 Ilfov 170754 171352 172017 172326 172810 173229 173686 174084 174563",
"2021 1 Maramures 111409 111740 112115 112252 112507 112717 112954 113150 113401",
"2021 1 Mehedinti 44951 45070 45208 45247 45335 45405 45485 45549 45636",
"2021 1 Mures 140584 141009 141491 141669 141996 142268 142572 142826 143149",
"2021 1 Neamt 86751 86971 87226 87294 87455 87580 87726 87841 87998",
"2021 1 Olt 74225 74458 74720 74822 75003 75155 75324 75466 75644",
"2021 1 Prahova 180933 181495 182130 182375 182813 183178 183586 183928 184360",
"2021 1 SatuMare 82765 83020 83307 83417 83614 83778 83961 84115 84310",
"2021 1 Salaj 50181 50356 50550 50637 50777 50896 51028 51141 51280",
"2021 1 Sibiu 136165 136597 137085 137277 137615 137898 138214 138479 138813",
"2021 1 Suceava 112126 112480 112878 113039 113317 113550 113810 114030 114304",
"2021 1 Teleorman 54346 54502 54679 54739 54857 54954 55255 55344 55461",
"2021 1 Timis 252911 253789 254769 255204 255908 256510 257172 257743 258438",
"2021 1 Tulcea 47978 48114 48269 48321 48423 48506 48601 48678 48779",
"2021 1 Vaslui 55009 55162 55338 55395 55511 55604 55711 55797 55911",
"2021 1 Valcea 81510 81762 82048 82157 82353 82517 82700 82853 83046",
"2021 1 Vrancea 60653 60841 61053 61135 61281 61403 61539 61654 61798",
"2021 1 Bucuresti 1033163 1036206 1039677 1040919 1043257 1045186 1047353 1049154 1051456",
