"2021 1 Alba 4717 4702 4895 4971 4919 5001 4990",
"2021 1 Arad 4820 4779 4931 5024 4870 5002 5023",
"2021 1 Arges 5099 4927 4953 5292 5120 5166 5397",
"2021 1 Bacau 4937 4807 5073 5058 5088 5119 5190",
"2021 1 Bihor 4465 4537 4607 4564 4674 4656 4680",
"2021 1 BistritaNasaud 4201 4292 4325 4239 4249 4292 4348",
"2021 1 Botosani 4724 4688 4764 4721 4729 4749 4785",
"2021 1 Brasov 5229 5140 5467 5414 5329 5559 5362",
"2021 1 Braila 4476 4391 4457 4469 4542 4530 4593",
"2021 1 Buzau 4490 4443 4632 4549 4612 4616 4560",
"2021 1 CarasSeverin 4487 4421 4536 4538 4577 4577 4504",
"2021 1 Calarasi 4636 4698 4834 4802 4911 4838 4815",
"2021 1 Cluj 6435 6442 6979 6774 6728 6773 6924",
"2021 1 Constanta 5051 4992 5040 5253 5109 5183 5200",
"2021 1 Covasna 4346 4398 4436 4351 4411 4630 4380",
"2021 1 Dambovita 4357 4314 4385 4491 4410 4467 4395",
"2021 1 Dolj 4941 4954 5005 5101 4947 4996 5198",
"2021 1 Galati 5267 5190 5278 5294 5309 5328 5222",
"2021 1 Giurgiu 4683 4632 4841 4721 4710 4737 4729",
"2021 1 Gorj 4851 4787 4892 5035 5281 4986 5198",
"2021 1 Harghita 4191 4144 4311 4242 4262 4313 4379",
"2021 1 Hunedoara 4499 4471 4579 4585 4548 4599 4622",
"2021 1 Ialomita 4618 4502 4531 4475 4529 4510 4428",
"2021 1 Iasi 5608 5560 5696 5654 5608 5725 5558",
"2021 1 Ilfov 5437 5356 5753 5685 5667 5827 5868",
"2021 1 Maramures 4132 4133 4253 4219 4258 4272 4284",
"2021 1 Mehedinti 4896 4852 4943 4823 4872 4899 4749",
"2021 1 Mures 5412 5290 5344 5517 5362 5496 5507",
"2021 1 Neamt 4439 4439 4558 4511 4526 4555 4523",
"2021 1 Olt 5067 5010 5117 5191 5101 5045 5029",
"2021 1 Prahova 5050 5126 5248 5271 5103 5232 5156",
"2021 1 SatuMare 4466 4544 4521 4424 4496 4484 4461",
"2021 1 Salaj 4335 4374 4391 4355 4480 4485 4413",
"2021 1 Sibiu 5798 5445 5718 5980 6147 5849 5906",
"2021 1 Suceava 4248 4253 4368 4386 4498 4446 4340",
"2021 1 Teleorman 4326 4312 4383 4402 4365 4400 4391",
"2021 1 Timis 5887 6019 6197 6478 6256 6402 6214",
"2021 1 Tulcea 4853 4843 4987 4998 5182 5244 5108",
"2021 1 Vaslui 4528 4433 4490 4470 4542 4522 4447",
"2021 1 Valcea 4558 4476 4547 4656 4663 4657 4738",
"2021 1 Vrancea 4415 4393 4477 4487 4418 4477 4464",
"2021 1 Bucuresti 7175 7074 7787 7752 7399 7595 7606",
