"2021 1 Alba 2916 2902 3037 3080 3038 3106 3090 3024 3070 3131 3222",
"2021 1 Arad 2936 2912 3014 3066 2969 3049 3063 2935 3003 3025 3161",
"2021 1 Arges 3173 3033 3067 3255 3147 3182 3309 3153 3082 3055 3194",
"2021 1 Bacau 3056 2989 3162 3176 3185 3202 3251 3346 3350 3266 3403",
"2021 1 Bihor 2738 2789 2850 2823 2890 2880 2898 2826 2878 2894 2954",
"2021 1 BistritaNasaud 2611 2674 2701 2651 2658 2677 2725 2680 2711 2731 2850",
"2021 1 Botosani 2866 2845 2899 2873 2874 2883 2914 2839 2895 2986 3004",
"2021 1 Brasov 3195 3147 3348 3321 3260 3396 3284 3260 3273 3278 3516",
"2021 1 Braila 2690 2641 2688 2696 2730 2721 2759 2699 2773 2819 2859",
"2021 1 Buzau 2739 2720 2840 2790 2821 2829 2795 2806 2828 2894 2934",
"2021 1 CarasSeverin 2720 2673 2748 2751 2765 2766 2726 2627 2681 2687 2787",
"2021 1 Calarasi 2832 2869 2953 2925 2983 2943 2921 2957 3012 3014 3023",
"2021 1 Cluj 3963 3976 4314 4187 4148 4177 4277 4263 4232 4291 4414",
"2021 1 Constanta 3076 3047 3081 3208 3119 3161 3175 3133 3167 3148 3190",
"2021 1 Covasna 2644 2672 2704 2671 2710 2842 2694 2691 2744 2756 2836",
"2021 1 Dambovita 2688 2671 2717 2791 2736 2774 2734 2698 2742 2747 2779",
"2021 1 Dolj 2997 3010 3046 3101 3012 3043 3163 3033 3036 3042 3113",
"2021 1 Galati 3212 3169 3231 3248 3246 3261 3204 3255 3279 3283 3293",
"2021 1 Giurgiu 2927 2900 3060 2984 2981 2973 2975 2914 2960 3016 3024",
"2021 1 Gorj 2935 2896 2991 3105 3323 3052 3268 2978 2975 3021 3047",
"2021 1 Harghita 2575 2546 2649 2616 2630 2663 2697 2721 2753 2752 2766",
"2021 1 Hunedoara 2746 2720 2790 2802 2764 2796 2815 2737 2805 2835 2910",
"2021 1 Ialomita 2861 2767 2779 2752 2788 2783 2735 2711 2769 2816 2872",
"2021 1 Iasi 3462 3416 3512 3484 3449 3526 3424 3408 3467 3525 3590",
"2021 1 Ilfov 3351 3312 3549 3512 3498 3590 3611 3560 3560 3581 3687",
"2021 1 Maramures 2557 2558 2640 2623 2645 2648 2659 2625 2681 2713 2807",
"2021 1 Mehedinti 3002 2977 3034 2965 2987 2999 2913 2884 2947 3011 3099",
"2021 1 Mures 3282 3212 3249 3353 3256 3335 3345 3296 3316 3394 3390",
"2021 1 Neamt 2702 2702 2790 2776 2770 2793 2786 2770 2800 2790 2862",
"2021 1 Olt 3082 3060 3123 3175 3116 3091 3083 3160 3099 3239 3119",
"2021 1 Prahova 3110 3158 3240 3267 3159 3231 3189 3169 3337 3264 3306",
"2021 1 SatuMare 2797 2842 2855 2807 2853 2841 2814 2814 2871 2874 2950",
"2021 1 Salaj 2679 2719 2725 2705 2779 2787 2738 2742 2789 2896 2794",
"2021 1 Sibiu 3525 3321 3492 3647 3747 3566 3586 3588 3502 3526 3769",
"2021 1 Suceava 2597 2607 2678 2693 2756 2728 2667 2645 2704 2716 2778",
"2021 1 Teleorman 2577 2572 2621 2633 2613 2633 2632 2623 2658 2674 2675",
"2021 1 Timis 3593 3674 3785 3963 3820 3903 3798 3818 3830 3835 4407",
"2021 1 Tulcea 2911 2936 3023 3018 3132 3161 3098 2829 3007 3075 3077",
"2021 1 Vaslui 2761 2716 2762 2748 2793 2778 2738 2736 2767 2803 2851",
"2021 1 Valcea 2816 2769 2816 2886 2880 2879 2938 2862 2846 2842 2873",
"2021 1 Vrancea 2698 2687 2742 2763 2719 2751 2724 2713 2755 2800 2841",
"2021 1 Bucuresti 4373 4313 4748 4726 4513 4631 4640 4511 4554 4612 4673",
