"2021 1 Alba 59 52 57 70 94 83 87 74",
"2021 1 Arad 62 72 71 229 87 61 155 120",
"2021 1 Arges 86 133 211 204 241 213 192 238",
"2021 1 Bacau 70 81 111 121 128 130 127 123",
"2021 1 Bihor 82 153 180 167 178 164 184 162",
"2021 1 BistritaNasaud 28 75 82 76 76 85 79 106",
"2021 1 Botosani 33 30 40 56 65 64 79 74",
"2021 1 Brasov 71 50 94 188 94 205 126 116",
"2021 1 Braila 23 33 40 29 18 46 46 47",
"2021 1 Buzau 36 44 80 65 64 61 60 59",
"2021 1 CarasSeverin 8 7 22 24 24 22 28 24",
"2021 1 Calarasi 25 31 35 47 68 67 67 57",
"2021 1 Cluj 144 115 188 218 179 208 212 215",
"2021 1 Constanta 109 128 175 152 172 186 162 162",
"2021 1 Covasna 16 13 34 32 30 27 18 29",
"2021 1 Dambovita 97 118 173 157 174 144 155 143",
"2021 1 Dolj 70 96 127 158 131 93 191 134",
"2021 1 Galati 60 91 110 81 115 116 132 122",
"2021 1 Giurgiu 57 72 91 89 110 86 75 94",
"2021 1 Gorj 25 35 66 58 64 56 70 61",
"2021 1 Harghita 20 39 36 37 39 60 27 39",
"2021 1 Hunedoara 20 31 42 36 43 55 47 43",
"2021 1 Ialomita 30 36 47 58 71 69 68 56",
"2021 1 Iasi 122 171 278 239 232 297 239 278",
"2021 1 Ilfov 338 316 467 501 565 658 643 566",
"2021 1 Maramures 68 86 114 136 150 145 150 127",
"2021 1 Mehedinti 14 32 44 40 58 48 33 54",
"2021 1 Mures 31 37 64 51 42 58 78 101",
"2021 1 Neamt 54 77 102 105 115 97 96 123",
"2021 1 Olt 27 53 83 55 60 81 46 67",
"2021 1 Prahova 89 115 178 164 173 141 156 140",
"2021 1 SatuMare 47 45 85 61 69 67 68 90",
"2021 1 Salaj 30 36 50 62 52 70 81 59",
"2021 1 Sibiu 31 50 98 55 53 79 65 50",
"2021 1 Suceava 131 174 221 265 247 224 296 293",
"2021 1 Teleorman 8 17 25 23 18 19 18 27",
"2021 1 Timis 152 236 285 281 290 302 250 281",
"2021 1 Tulcea 24 32 14 17 24 25 35 26",
"2021 1 Vaslui 31 36 42 58 52 69 53 76",
"2021 1 Valcea 40 42 64 64 70 55 56 72",
"2021 1 Vrancea 40 54 83 85 77 95 84 102",
"2021 1 Bucuresti 50 51 47 67 48 70 57 43",
