"2021 1 Alba -217 -237 -302 -293 -273 -147 -135",
"2021 1 Arad -321 -278 -423 -493 -236 -175 -187",
"2021 1 Arges -473 -289 -441 -587 -348 -267 -231",
"2021 1 Bacau -503 -454 -562 -657 -338 -220 -147",
"2021 1 Bihor -369 -212 -414 -521 -364 -165 -78",
"2021 1 BistritaNasaud -158 -111 -179 -240 -100 12 33",
"2021 1 Botosani -312 -422 -368 -397 -296 -153 -130",
"2021 1 Brasov -222 -244 -324 -462 -155 -69 -59",
"2021 1 Braila -366 -265 -339 -386 -325 -183 -235",
"2021 1 Buzau -471 -356 -461 -475 -383 -282 -269",
"2021 1 CarasSeverin -279 -212 -332 -292 -292 -171 -132",
"2021 1 Calarasi -260 -193 -272 -295 -211 -145 -110",
"2021 1 Cluj -432 -238 -450 -452 -303 -134 -71",
"2021 1 Constanta -535 -347 -455 -579 -394 -161 -206",
"2021 1 Covasna -95 -81 -131 -214 -125 -42 -15",
"2021 1 Dambovita -421 -295 -496 -436 -230 -207 -93",
"2021 1 Dolj -544 -481 -661 -639 -482 -372 -287",
"2021 1 Galati -395 -360 -476 -462 -261 -206 -190",
"2021 1 Giurgiu -305 -187 -302 -320 -234 -170 -158",
"2021 1 Gorj -204 -282 -414 -266 -148 -111 -81",
"2021 1 Harghita -117 -126 -145 -176 -166 -42 -74",
"2021 1 Hunedoara -497 -430 -587 -512 -381 -190 -184",
"2021 1 Ialomita -304 -220 -248 -291 -189 -104 -117",
"2021 1 Iasi -271 -328 -367 -362 -171 -23 129",
"2021 1 Ilfov -127 -23 -137 -199 -111 3 80",
"2021 1 Maramures -370 -519 -396 -242 -198 -102 -66",
"2021 1 Mehedinti -228 -231 -319 -296 -209 -167 -98",
"2021 1 Mures -314 -318 -396 -494 -231 -172 -36",
"2021 1 Neamt -469 -423 -561 -620 -367 -258 -234",
"2021 1 Olt -484 -282 -373 -435 -384 -280 -287",
"2021 1 Prahova -663 -536 -709 -820 -567 -440 -276",
"2021 1 SatuMare -287 -283 -313 -264 -213 -159 -74",
"2021 1 Salaj -174 -117 -171 -156 -103 -73 -14",
"2021 1 Sibiu -206 -139 -223 -273 -128 -42 6",
"2021 1 Suceava -425 -311 -307 -142 -52 12 167",
"2021 1 Teleorman -492 -435 -472 -444 -409 -272 -287",
"2021 1 Timis -253 -86 -439 -320 -170 -86 30",
"2021 1 Tulcea -219 -140 -189 -179 -162 -106 -95",
"2021 1 Vaslui -305 -307 -351 -251 -154 -51 -9",
"2021 1 Valcea -89 -107 -253 -270 -157 -66 -76",
"2021 1 Vrancea -288 -209 -313 -317 -213 -168 -107",
"2021 1 Bucuresti -1074 -790 -1222 -1325 -770 -306 -173",
