"2021 1 Alba -14132 -15559 -11566 9631 -15834 -15427 -17318 16212 17309 14530 72904",
"2021 1 Arad 27024 16314 35246 21078 26892 30127 30362 1909 12924 38177 36160",
"2021 1 Arges 100230 119076 90862 95116 159138 153309 40902 99586 -11007 98477 161259",
"2021 1 Bacau -3442 -33584 -38972 -29705 -37783 -26985 -42126 -25706 -12099 -61848 -31967",
"2021 1 Bihor -3902 6768 -19559 -7221 -7457 -19201 -13832 -13570 -20910 -28087 -21179",
"2021 1 BistritaNasaud 4375 1687 -7690 160 -5204 -4624 -9301 -6664 -4747 770 8787",
"2021 1 Botosani 3372 5006 238 705 -354 842 2601 2358 -2568 243 2702",
"2021 1 Brasov 43183 31337 16412 37741 7087 2058 -26800 807 11914 26236 19348",
"2021 1 Braila 10384 -7070 -6889 -2543 -11759 3410 37781 1711 1781 -4436 -2721",
"2021 1 Buzau 20562 6039 24610 -20238 8095 23105 -9602 5314 19449 20188 33894",
"2021 1 CarasSeverin 7493 5633 7095 6368 7621 7486 1149 -2761 -2783 -3203 6049",
"2021 1 Calarasi 6070 -8824 -12404 -1286 785 -727 -691 18493 11979 -3992 10245",
"2021 1 Cluj -66616 -83216 -108549 -97713 -103539 -112204 -141827 -122886 -115140 -114762 -59725",
"2021 1 Constanta -104600 -30655 -194361 -114714 -131728 -80004 -198601 -83254 -53608 -43319 -131622",
"2021 1 Covasna -1942 -384 -1425 -5066 -1004 -1420 3291 -1392 -7423 -5995 -919",
"2021 1 Dambovita 4480 6245 4290 8752 4745 10623 7066 13919 -7003 -2783 5661",
"2021 1 Dolj 104746 53153 37140 94788 6454 58985 40707 -3945 -4101 -23952 106590",
"2021 1 Galati -8702 3829 -14925 7396 86727 36455 2116 9343 33604 -63388 -1067",
"2021 1 Giurgiu -11774 -13227 -13992 -10933 -6007 -7875 -13324 -7063 -11603 -11278 -21729",
"2021 1 Gorj -872 -697 -1215 1583 -1467 -659 298 -1079 -1051 -2578 -2407",
"2021 1 Harghita -19221 -11235 -16680 -22741 -17201 -19005 -30105 -12930 -18590 -32799 -19596",
"2021 1 Hunedoara 16174 15325 14243 32033 22940 19359 16260 18684 25034 20366 27574",
"2021 1 Ialomita -2746 -6186 -2731 9219 -12433 7536 -8948 -8004 -3752 -2693 -6989",
"2021 1 Iasi 1797 -102 1711 -5470 1384 5281 -14082 -13901 -15148 -26770 -10468",
"2021 1 Ilfov -282749 -379417 -490417 -448212 -442120 -495323 -515190 -398993 -498597 -487852 -513679",
"2021 1 Maramures 31205 23516 22919 25493 26558 27043 22105 13273 16657 21405 37523",
"2021 1 Mehedinti 6312 2960 6679 7376 677 898 1804 2585 1012 414 4584",
"2021 1 Mures -35222 -90544 -68853 -65366 -35149 -109992 -62163 -71285 -54163 -228750 -124013",
"2021 1 Neamt 2816 -3046 -8166 -3033 -8251 -2303 -5025 -4706 -5294 -11619 -7582",
"2021 1 Olt 62532 59256 61323 59458 62108 68118 61298 65396 72295 85336 69718",
"2021 1 Prahova -46418 -81085 -98036 -84279 -80845 -89378 -71584 -86451 -107463 -97509 -92747",
"2021 1 SatuMare -4964 -11759 -12108 -8421 -5398 1209 -3947 -23853 -8384 -11285 -1921",
"2021 1 Salaj 9066 23114 30025 26037 35163 25889 12103 38583 25443 30945 24874",
"2021 1 Sibiu 52914 51689 34025 29165 18727 31937 644 -1424 10697 19021 47652",
"2021 1 Suceava -17849 -14169 -20492 -23812 -16739 -14285 -29413 -17850 -21970 -36577 -17860",
"2021 1 Teleorman 1060 -1892 -4180 -3047 -2676 -7264 -10738 -6022 -6665 -4807 -1344",
"2021 1 Timis 89746 74233 89250 55236 27097 40615 56192 2685 34228 36461 54676",
"2021 1 Tulcea -6895 -12154 -18386 -4185 37430 -12696 120180 99588 -5036 -16954 -5869",
"2021 1 Vaslui 1299 2600 -152 -2127 -977 -3582 -1898 -1708 -2218 -1319 1244",
"2021 1 Valcea -6288 -9573 -12305 -10091 -11340 -11824 -17805 -15119 -16979 -18992 -17980",
"2021 1 Vrancea 2894 256 -10541 -8418 -6250 -8794 -1929 947 -1116 -6466 -53",
"2021 1 Bucuresti -1139873 -1565686 -1545994 -1353867 -1417308 -1398263 -1365679 -1328860 -1319713 -1504004 -1815371",
