"2021 1 Alba 199665 242005 278397 235092 231131 224276 223343 137473 168941 215742 186316 167797",
"2021 1 Arad 208163 229998 262565 250742 221412 230583 219251 193171 241590 230772 249004 217183",
"2021 1 Arges 337945 352749 399485 337164 385233 368480 400874 235654 362096 333986 365584 325906",
"2021 1 Bacau 74623 101995 120550 115685 124287 116458 129015 99815 96048 141523 121303 102263",
"2021 1 Bihor 197282 205716 230870 204379 199023 214235 211570 195767 234945 219611 231625 185450",
"2021 1 BistritaNasaud 50496 56700 69938 55062 50803 59173 60378 49072 63463 62418 58829 59497",
"2021 1 Botosani 13390 14238 18112 14664 17525 17989 17568 13148 22688 21420 22748 23526",
"2021 1 Brasov 244141 282682 320335 285930 279275 311574 310674 261619 300476 286062 312790 294947",
"2021 1 Braila 9980 15243 20483 18801 20921 22018 22258 16195 20492 22279 17473 23497",
"2021 1 Buzau 29573 45319 57567 79576 66155 50279 71545 45044 54922 57449 52025 66562",
"2021 1 CarasSeverin 19696 19199 21696 18786 19353 19391 21102 13829 20255 19992 20710 21530",
"2021 1 Calarasi 14805 26652 36525 25301 25443 29614 47645 24521 25145 35557 21838 31871",
"2021 1 Cluj 223256 252494 299594 274420 278691 296118 321585 302755 336147 339492 321801 297603",
"2021 1 Constanta 190012 156382 315655 252889 257116 212033 285939 157207 178984 233841 326968 254933",
"2021 1 Covasna 19459 23350 26614 23794 21956 25298 22601 21912 29103 29340 34846 36887",
"2021 1 Dambovita 58882 64132 79139 69507 73012 98636 91621 78776 108388 115137 101418 91905",
"2021 1 Dolj 189974 229247 195021 227826 119655 164730 230139 109990 154913 128222 213670 213236",
"2021 1 Galati 97802 93555 125903 117552 100588 127242 176637 160242 158040 184212 173378 153011",
"2021 1 Giurgiu 16724 18857 22024 17990 13703 25415 20693 15091 21484 21116 32346 27096",
"2021 1 Gorj 3914 5671 5670 4632 5734 5359 5836 4624 6507 8753 8523 7599",
"2021 1 Harghita 39588 35609 41685 45592 40047 44832 56140 37725 44578 60347 50496 50068",
"2021 1 Hunedoara 54560 60954 71703 59062 58783 55067 57041 38386 56709 55734 57059 57017",
"2021 1 Ialomita 16008 18216 16684 12765 25505 12312 20761 22641 19333 21123 21458 19802",
"2021 1 Iasi 64833 72974 91997 92124 81579 88147 97928 87013 102345 98811 91074 92426",
"2021 1 Ilfov 524120 631630 766566 724041 720721 797719 801468 717727 797173 812750 864279 870036",
"2021 1 Maramures 75758 87590 100187 90357 91771 100770 108703 105548 119367 115335 111576 105199",
"2021 1 Mehedinti 7942 9515 12177 10084 12723 11479 11115 7247 12240 11245 12884 10859",
"2021 1 Mures 142022 195868 199350 182751 157761 237150 206949 183055 169239 333848 245247 241018",
"2021 1 Neamt 25596 34468 44492 39659 41172 45750 48792 33418 45525 50400 48516 49834",
"2021 1 Olt 59985 69806 82981 82689 72226 78377 87395 74578 86804 77359 90786 83420",
"2021 1 Prahova 218405 273179 311758 283379 278737 284413 280146 264147 306323 302435 316022 326237",
"2021 1 SatuMare 90418 101263 112683 96902 97109 93647 100030 107008 109642 119705 120891 94303",
"2021 1 Salaj 24936 28697 37516 32760 29228 32213 29792 23890 33449 36305 38127 32156",
"2021 1 Sibiu 187590 199741 242471 217831 204427 215025 220732 182480 215768 206392 210875 204575",
"2021 1 Suceava 57638 58657 66639 69329 64742 66497 84073 65164 77611 93470 78465 78351",
"2021 1 Teleorman 11806 15497 18924 15913 16333 21028 23893 16448 19780 19771 18130 21278",
"2021 1 Timis 490294 546960 638430 584074 568000 568504 574682 499483 586960 571423 602887 586109",
"2021 1 Tulcea 19413 21080 28211 26772 20775 21365 22073 18189 23144 30602 21538 23680",
"2021 1 Vaslui 9786 10781 12239 12497 12347 14958 14486 10838 13861 15657 13278 12164",
"2021 1 Valcea 25089 29057 37093 34732 32404 34319 38918 31577 35762 42112 42129 31799",
"2021 1 Vrancea 13312 15904 22524 22694 21830 26099 25476 20474 25173 29169 23555 24565",
"2021 1 Bucuresti 2052145 2542564 2735042 2403974 2417215 2417182 2531650 2490742 2661207 2903621 3084880 2881555",
