"2021 1 Alba 14982 15419 13688 12621 17518 23687 44018 55431 31550",
"2021 1 Arad 13311 12195 17341 17041 19599 24328 32811 40768 29714",
"2021 1 Arges 9795 9934 10819 12277 14858 20038 44481 54300 33646",
"2021 1 Bacau 15193 17963 16065 20575 25228 26614 38820 41423 28873",
"2021 1 Bihor 49234 51365 43553 58397 96432 122211 171261 204544 148624",
"2021 1 BistritaNasaud 5927 5969 6424 8064 8666 11450 19103 28978 22118",
"2021 1 Botosani 3733 3433 3318 3349 5457 5014 7501 7457 6547",
"2021 1 Brasov 193541 184490 104546 90249 122570 132491 222030 284645 198347",
"2021 1 Braila 2954 4852 7154 7472 10526 13543 20995 23494 18405",
"2021 1 Buzau 4854 5516 6566 7606 9760 10320 14549 19463 18179",
"2021 1 CarasSeverin 21494 23902 19335 25025 45330 61014 82607 110467 71541",
"2021 1 Calarasi 654 1108 1447 1784 1684 2170 2332 3859 3031",
"2021 1 Cluj 29894 33504 32448 36410 47654 66333 96815 110188 103138",
"2021 1 Constanta 19000 25043 26455 38348 95262 402402 1498531 1858006 459349",
"2021 1 Covasna 19620 22013 19818 28772 38950 46311 65047 71836 55511",
"2021 1 Dambovita 9412 11411 11069 13407 16512 18821 27329 28716 21728",
"2021 1 Dolj 7243 7320 8284 8748 8851 10369 11691 13542 13144",
"2021 1 Galati 7170 7822 7910 8237 9094 10017 12696 14668 13603",
"2021 1 Giurgiu 356 470 574 954 1223 1827 3006 2935 2847",
"2021 1 Gorj 17193 15078 10854 7939 10197 11996 21860 29121 13217",
"2021 1 Harghita 20372 20900 15190 16245 19864 24088 50771 63761 38406",
"2021 1 Hunedoara 9914 10085 10664 12911 16735 20813 39574 36458 29196",
"2021 1 Ialomita 1631 2398 1821 3227 5454 22726 28837 27794 14178",
"2021 1 Iasi 15839 17935 20677 23637 33046 38537 47117 54839 52947",
"2021 1 Ilfov 4946 4664 4634 4845 6835 10540 13953 15168 19967",
"2021 1 Maramures 20971 22164 17722 18582 26050 30942 53978 67761 37905",
"2021 1 Mehedinti 4536 5656 6502 8967 16949 21261 30697 35433 25316",
"2021 1 Mures 30900 45018 41009 42292 54352 59379 100664 125723 79548",
"2021 1 Neamt 19741 16419 15972 19059 27995 34942 52791 74506 42911",
"2021 1 Olt 2608 2311 2670 4039 3484 4619 6536 6482 5704",
"2021 1 Prahova 80165 81689 45962 39493 50226 59681 107042 133956 90515",
"2021 1 SatuMare 9535 9581 8737 9685 10432 11147 13836 15021 14342",
"2021 1 Salaj 1754 2022 2824 3613 3529 5406 8609 9097 7393",
"2021 1 Sibiu 37613 38361 27827 28320 41544 56345 107845 137722 90046",
"2021 1 Suceava 49911 50232 34201 39466 57702 64537 115314 142361 83053",
"2021 1 Teleorman 531 465 892 586 485 428 503 1029 721",
"2021 1 Timis 22700 21069 20008 28760 30997 36417 46053 59020 42110",
"2021 1 Tulcea 3006 3380 4284 9571 36357 46256 59605 69703 35041",
"2021 1 Vaslui 3265 3019 3987 4184 4550 5135 6433 7461 6064",
"2021 1 Valcea 38570 51457 43070 45858 88425 106791 159393 189381 129815",
"2021 1 Vrancea 2126 2106 3151 3448 3517 4106 6633 6766 5496",
"2021 1 Bucuresti 58153 72972 82308 78363 110561 155859 191839 208042 245646",
