"2022 1 Alba 9 49 52 30 41 18 62",
"2022 1 Arad 1 46 45 62 54 28 60",
"2022 1 Arges 25 119 38 150 160 122 93",
"2022 1 Bacau 39 79 82 85 81 71 65",
"2022 1 Bihor 15 76 80 64 96 80 39",
"2022 1 BistritaNasaud 6 7 68 65 6 20 4",
"2022 1 Botosani 0 40 43 26 54 48 49",
"2022 1 Brasov 30 86 117 76 63 57 60",
"2022 1 Braila 13 52 17 44 54 21 35",
"2022 1 Buzau 1 38 43 36 34 36 26",
"2022 1 CarasSeverin 6 0 63 15 0 1 31",
"2022 1 Calarasi 6 25 25 24 31 56 39",
"2022 1 Cluj 18 63 46 70 57 52 42",
"2022 1 Constanta 28 82 108 86 87 42 59",
"2022 1 Covasna 7 16 44 12 4 31 9",
"2022 1 Dambovita 11 72 58 62 53 40 51",
"2022 1 Dolj 26 24 69 43 18 14 54",
"2022 1 Galati 7 42 67 55 62 66 46",
"2022 1 Giurgiu 5 15 24 21 22 22 12",
"2022 1 Gorj 19 53 26 17 43 67 23",
"2022 1 Harghita 13 24 25 21 25 6 22",
"2022 1 Hunedoara 28 38 101 23 61 67 61",
"2022 1 Ialomita 5 22 16 17 6 12 39",
"2022 1 Iasi 34 72 110 78 55 112 65",
"2022 1 Ilfov 21 37 43 62 40 45 33",
"2022 1 Maramures 12 76 51 33 56 57 54",
"2022 1 Mehedinti 1 9 52 11 15 4 32",
"2022 1 Mures 18 48 35 29 41 33 52",
"2022 1 Neamt 37 51 57 38 41 36 58",
"2022 1 Olt 1 47 27 8 25 14 75",
"2022 1 Prahova 16 58 102 55 84 94 31",
"2022 1 SatuMare 11 78 31 46 31 49 33",
"2022 1 Salaj 3 12 35 25 43 25 29",
"2022 1 Sibiu 8 71 42 55 43 32 19",
"2022 1 Suceava 23 90 71 86 51 69 57",
"2022 1 Teleorman 11 37 40 28 14 72 25",
"2022 1 Timis 15 86 76 75 28 63 83",
"2022 1 Tulcea 2 15 12 63 17 43 13",
"2022 1 Vaslui 15 50 57 35 43 45 52",
"2022 1 Valcea 9 73 7 13 8 6 21",
"2022 1 Vrancea 4 49 23 9 10 20 11",
"2022 1 Bucuresti 51 159 151 206 174 135 111",
