"2022 1 Alba 8979 8320 9327 10593 15374 20266 26075",
"2022 1 Arad 13100 12179 13404 15029 18794 19418 27240",
"2022 1 Arges 9703 9635 10933 13674 16028 21245 30748",
"2022 1 Bacau 10889 10026 10511 12785 14751 17310 19641",
"2022 1 Bihor 26846 23976 26478 34722 43479 54119 64429",
"2022 1 BistritaNasaud 4186 4468 5547 5253 7699 8401 10654",
"2022 1 Botosani 2365 1596 2657 3215 3270 3863 4255",
"2022 1 Brasov 93252 86478 71037 75056 83053 97068 119832",
"2022 1 Braila 3341 4317 6646 4747 5693 6429 7144",
"2022 1 Buzau 4125 4369 4727 5271 6894 7792 9130",
"2022 1 CarasSeverin 11217 11467 9752 11260 13315 21985 27131",
"2022 1 Calarasi 835 909 897 972 1971 1701 2075",
"2022 1 Cluj 23483 25968 34975 36589 51884 57525 62146",
"2022 1 Constanta 14490 17816 17995 28490 38265 150532 347390",
"2022 1 Covasna 10537 8545 9328 9900 13111 14366 18079",
"2022 1 Dambovita 5938 7243 6932 7875 10399 12125 12414",
"2022 1 Dolj 5871 6532 7063 6992 8461 8206 7910",
"2022 1 Galati 5078 5178 6882 7446 8712 8652 9764",
"2022 1 Giurgiu 1106 1205 1341 1340 1647 2217 2451",
"2022 1 Gorj 9322 6767 5794 5190 6610 8439 15109",
"2022 1 Harghita 12080 11246 10754 14660 18653 18971 24021",
"2022 1 Hunedoara 7960 7180 8550 8831 8484 11276 13380",
"2022 1 Ialomita 1299 1761 1755 2799 2765 3986 6981",
"2022 1 Iasi 14491 17525 28502 25705 33020 34903 36374",
"2022 1 Ilfov 9266 11325 17316 15374 18456 19553 16142",
"2022 1 Maramures 17866 14732 14966 15546 17622 19320 26501",
"2022 1 Mehedinti 2646 2961 3833 5692 7344 10451 13044",
"2022 1 Mures 24239 24227 25276 30739 35681 39457 48715",
"2022 1 Neamt 9463 8910 10493 13073 19586 24362 33245",
"2022 1 Olt 1544 1571 1716 1418 2356 2152 1968",
"2022 1 Prahova 38396 35145 30019 30564 33824 41650 50262",
"2022 1 SatuMare 9063 9251 10560 10587 11202 12569 13678",
"2022 1 Salaj 1473 1855 2084 1875 2720 3101 4321",
"2022 1 Sibiu 25958 22798 22864 29834 36960 45212 61163",
"2022 1 Suceava 29571 27853 25112 29422 31032 40691 54003",
"2022 1 Teleorman 315 292 303 461 486 475 572",
"2022 1 Timis 10527 14550 14945 17207 18836 22501 27321",
"2022 1 Tulcea 1473 1788 3598 5320 11022 14549 17991",
"2022 1 Vaslui 2345 2240 3383 2571 3398 3991 3465",
"2022 1 Valcea 27864 20464 22603 27593 32210 39807 51850",
"2022 1 Vrancea 1800 2041 2756 2605 3008 3429 4028",
"2022 1 Bucuresti 64383 82009 115383 103929 140247 131128 142318",
