"2022 1 Alba 216057 238226 275266 230959 254053 228389 241622 252189 314636 255650",
"2022 1 Arad 263450 268248 306441 269914 316638 291173 265360 275928 306857 307711",
"2022 1 Arges 374098 400001 460118 364484 419735 402326 441272 272742 472336 471799",
"2022 1 Bacau 105775 128090 133656 149841 134968 127509 160032 119862 118135 128585",
"2022 1 Bihor 216133 228972 251653 219096 263569 249930 246928 236508 253923 282649",
"2022 1 BistritaNasaud 69725 74570 77924 74598 79259 81159 66151 65490 76928 78673",
"2022 1 Botosani 19777 22930 25838 23016 28046 27412 24864 28439 34243 31885",
"2022 1 Brasov 286108 318727 357398 303528 339500 339337 327643 332334 373256 360618",
"2022 1 Braila 14848 16489 27131 26181 37318 31182 41049 44909 40875 33739",
"2022 1 Buzau 58106 42091 81836 89090 97271 74029 72172 64350 90374 80901",
"2022 1 CarasSeverin 17342 20537 20422 17696 20994 21522 19014 15756 23124 22376",
"2022 1 Calarasi 30623 43088 37121 29228 31205 43147 44887 42973 37077 64649",
"2022 1 Cluj 297971 322541 372088 338812 355225 348281 346079 333183 380229 371999",
"2022 1 Constanta 285537 334117 236827 343638 457862 459501 502352 460384 448249 378255",
"2022 1 Covasna 33319 37327 42398 39458 39974 34641 36929 37955 47286 42071",
"2022 1 Dambovita 110323 114704 117331 135979 120038 120797 123207 100323 119883 117037",
"2022 1 Dolj 234165 249486 283641 215307 204006 174584 281322 135546 244514 224030",
"2022 1 Galati 168117 167859 172532 188444 228796 189788 145972 99999 130557 147155",
"2022 1 Giurgiu 30539 46077 48973 26043 29871 36290 66299 47532 51102 45836",
"2022 1 Gorj 5888 6745 6508 5094 6991 6540 6455 5758 5659 10235",
"2022 1 Harghita 51605 45721 56089 65648 53330 51644 66252 48356 52775 56902",
"2022 1 Hunedoara 52261 65987 70756 59586 65201 66593 62437 53978 62056 56304",
"2022 1 Ialomita 22122 24585 30924 26920 29374 25347 35048 51269 34288 35346",
"2022 1 Iasi 94458 104575 118497 92555 110011 124349 108622 105023 111642 126134",
"2022 1 Ilfov 746963 845458 996996 890102 977521 979422 998101 988761 1074120 1000233",
"2022 1 Maramures 105701 108876 133396 113363 133457 123321 130119 112899 119639 124958",
"2022 1 Mehedinti 11007 10941 13087 11271 18664 14357 11069 8703 13304 13127",
"2022 1 Mures 274385 231332 284697 258848 258262 242680 204188 217433 267099 228517",
"2022 1 Neamt 44511 57790 54581 54565 72937 60069 60451 65712 66800 64024",
"2022 1 Olt 105057 130326 142927 141154 160250 153881 142634 143394 123653 138247",
"2022 1 Prahova 300975 327462 378622 342655 364282 380865 361350 333486 373691 375369",
"2022 1 SatuMare 110107 119547 153360 116611 130633 120198 125087 134845 146392 157519",
"2022 1 Salaj 32129 35215 39522 33027 44440 43135 38667 38959 43073 44445",
"2022 1 Sibiu 212385 231360 259856 229919 271660 238495 243334 231444 248521 249661",
"2022 1 Suceava 75781 77882 77459 81757 84573 75869 94615 85597 83965 103263",
"2022 1 Teleorman 16173 20507 23685 23069 25963 25171 25604 26054 22747 20207",
"2022 1 Timis 565940 638949 722251 618436 732527 677384 690614 667744 770033 731614",
"2022 1 Tulcea 18050 13322 21947 17581 25335 23848 24659 19437 23307 21665",
"2022 1 Vaslui 12876 13077 14262 12474 15241 16286 13967 12876 14662 15283",
"2022 1 Valcea 35832 37406 39176 45539 42512 36847 39768 40472 39907 45933",
"2022 1 Vrancea 20985 24609 28379 25072 28993 30032 29544 26189 28619 30941",
"2022 1 Bucuresti 2785611 2893330 3411084 3044179 3214788 3277530 3614962 3779333 3733787 3845512",
