"2022 1 Alba 38 47 56 44 64 59 64 54 42 40",
"2022 1 Arad 48 55 101 80 68 88 95 101 65 64",
"2022 1 Arges 69 137 171 137 170 126 127 118 130 91",
"2022 1 Bacau 83 72 111 102 109 98 125 124 83 83",
"2022 1 Bihor 125 129 178 147 152 156 95 121 138 132",
"2022 1 BistritaNasaud 33 52 101 85 73 70 65 70 67 66",
"2022 1 Botosani 46 44 48 42 45 68 123 83 137 67",
"2022 1 Brasov 77 125 139 136 96 92 101 151 113 91",
"2022 1 Braila 29 30 44 31 39 39 36 59 23 38",
"2022 1 Buzau 39 54 56 48 56 54 56 59 54 45",
"2022 1 CarasSeverin 11 12 18 15 17 28 20 14 20 24",
"2022 1 Calarasi 13 37 60 57 49 53 44 60 65 30",
"2022 1 Cluj 208 221 151 197 184 194 201 227 178 113",
"2022 1 Constanta 102 150 168 121 138 159 121 146 143 137",
"2022 1 Covasna 22 14 25 22 38 26 14 45 24 17",
"2022 1 Dambovita 100 101 150 149 156 113 175 97 303 112",
"2022 1 Dolj 64 123 137 119 135 78 65 145 128 174",
"2022 1 Galati 61 121 112 82 98 104 118 111 92 111",
"2022 1 Giurgiu 41 72 75 71 85 89 97 72 93 99",
"2022 1 Gorj 34 36 49 45 48 48 32 41 42 31",
"2022 1 Harghita 12 28 43 34 61 41 40 40 48 27",
"2022 1 Hunedoara 18 16 40 44 42 29 29 36 37 34",
"2022 1 Ialomita 21 47 62 55 65 53 47 60 45 45",
"2022 1 Iasi 151 215 186 251 211 165 163 204 150 134",
"2022 1 Ilfov 310 427 541 473 480 504 464 375 314 315",
"2022 1 Maramures 69 94 125 110 145 126 106 103 91 85",
"2022 1 Mehedinti 23 22 42 25 39 35 37 36 36 22",
"2022 1 Mures 40 49 45 83 99 70 60 44 107 47",
"2022 1 Neamt 39 69 104 64 79 94 79 88 87 62",
"2022 1 Olt 39 52 59 48 54 55 49 44 52 42",
"2022 1 Prahova 72 131 182 144 127 145 124 150 117 105",
"2022 1 SatuMare 28 53 51 60 55 69 57 88 43 37",
"2022 1 Salaj 23 24 54 71 77 52 38 53 57 42",
"2022 1 Sibiu 50 74 95 80 79 79 62 77 44 64",
"2022 1 Suceava 122 167 241 173 236 205 219 279 210 196",
"2022 1 Teleorman 15 9 27 24 30 21 17 26 20 21",
"2022 1 Timis 136 211 312 255 301 290 264 195 245 228",
"2022 1 Tulcea 10 19 16 10 18 20 22 27 25 35",
"2022 1 Vaslui 24 42 20 33 62 70 29 35 46 29",
"2022 1 Valcea 42 69 74 57 63 61 68 54 54 52",
"2022 1 Vrancea 38 57 89 87 75 55 68 79 59 50",
"2022 1 Bucuresti 25 35 32 45 39 36 49 52 53 53",
