"2022 1 Alba 5125 5234 5649 5414 5483 5450 5368",
"2022 1 Arad 5155 5245 5283 5364 5364 5455 5408",
"2022 1 Arges 5438 5317 5430 5760 5506 5718 6009",
"2022 1 Bacau 5280 5248 5481 5437 5601 5621 5653",
"2022 1 Bihor 4894 4998 5072 5025 5106 5077 5068",
"2022 1 BistritaNasaud 4624 4683 4865 5016 4920 4835 4875",
"2022 1 Botosani 4978 5013 5124 5108 5368 5183 5097",
"2022 1 Brasov 5622 5614 6055 5869 5917 6191 5966",
"2022 1 Braila 5082 5044 5148 5193 5335 5268 5292",
"2022 1 Buzau 4870 4890 5065 5031 5018 5111 5136",
"2022 1 CarasSeverin 4851 4871 4871 4901 5090 4938 4877",
"2022 1 Calarasi 5138 5220 5526 5382 5420 5461 5503",
"2022 1 Cluj 7175 7202 7780 7455 7829 7563 7647",
"2022 1 Constanta 5202 5171 5331 5564 5423 5530 5574",
"2022 1 Covasna 5290 5208 5275 5436 5384 5355 5200",
"2022 1 Dambovita 4784 4750 4815 4961 4912 4993 4946",
"2022 1 Dolj 5330 5286 5386 5473 5536 5506 5542",
"2022 1 Galati 5401 5419 5530 5556 5671 5443 5472",
"2022 1 Giurgiu 5082 5060 5123 5265 5171 5087 5238",
"2022 1 Gorj 5373 5375 5624 6314 5946 6326 6149",
"2022 1 Harghita 4539 4546 4681 4537 4555 4563 4517",
"2022 1 Hunedoara 4690 4705 4833 4814 4936 4840 4723",
"2022 1 Ialomita 4702 4719 4827 4919 4901 4932 4831",
"2022 1 Iasi 5924 5936 6124 6143 6306 6390 6223",
"2022 1 Ilfov 6073 5957 6517 6527 6404 6466 6529",
"2022 1 Maramures 4798 4803 4929 5000 5032 5028 4984",
"2022 1 Mehedinti 5260 5187 5217 5361 5500 5449 5279",
"2022 1 Mures 6001 5888 5984 6212 5947 6197 6126",
"2022 1 Neamt 4755 4839 4878 4930 4894 4913 4872",
"2022 1 Olt 5397 5333 5492 5769 5562 5369 5539",
"2022 1 Prahova 5304 5464 5648 5604 5566 5545 5483",
"2022 1 SatuMare 4824 4931 5216 5052 5089 5178 5066",
"2022 1 Salaj 4862 4848 4924 5257 4987 5080 4990",
"2022 1 Sibiu 6069 6201 6432 6666 6981 6525 6680",
"2022 1 Suceava 4707 4644 4890 4816 4928 4917 4805",
"2022 1 Teleorman 4466 4628 4617 4704 4721 4744 4623",
"2022 1 Timis 6342 6486 6722 7276 6948 7216 6926",
"2022 1 Tulcea 5031 5114 5219 5257 5167 5103 5138",
"2022 1 Vaslui 4698 4750 4823 4972 4811 5181 5048",
"2022 1 Valcea 4568 4540 4635 4760 4735 4784 4759",
"2022 1 Vrancea 4594 4581 4670 4672 4674 4697 4693",
"2022 1 Bucuresti 7902 7951 8675 8633 8295 8435 8511",
