"2022 1 Alba 257 172 221 187 223 208 212",
"2022 1 Arad 270 252 313 242 292 289 302",
"2022 1 Arges 394 333 363 287 387 353 367",
"2022 1 Bacau 500 337 412 336 444 452 538",
"2022 1 Bihor 416 367 425 380 398 422 487",
"2022 1 BistritaNasaud 237 225 232 217 265 256 280",
"2022 1 Botosani 303 211 261 214 294 302 292",
"2022 1 Brasov 441 366 431 360 514 454 439",
"2022 1 Braila 170 122 158 100 165 164 180",
"2022 1 Buzau 253 241 231 184 239 270 303",
"2022 1 CarasSeverin 150 135 142 100 131 142 164",
"2022 1 Calarasi 186 162 197 136 185 209 211",
"2022 1 Cluj 521 489 505 443 561 611 535",
"2022 1 Constanta 488 419 449 389 489 476 485",
"2022 1 Covasna 182 110 169 102 164 137 162",
"2022 1 Dambovita 347 290 287 267 324 306 376",
"2022 1 Dolj 487 332 371 319 415 414 440",
"2022 1 Galati 353 242 295 274 346 315 436",
"2022 1 Giurgiu 186 152 149 100 157 168 200",
"2022 1 Gorj 189 188 175 141 180 179 204",
"2022 1 Harghita 234 217 255 211 210 219 246",
"2022 1 Hunedoara 229 197 235 209 236 201 270",
"2022 1 Ialomita 171 159 158 116 156 186 199",
"2022 1 Iasi 722 482 625 479 854 723 744",
"2022 1 Ilfov 402 345 377 284 365 386 437",
"2022 1 Maramures 306 240 299 247 309 308 396",
"2022 1 Mehedinti 144 114 111 118 146 165 201",
"2022 1 Mures 447 361 415 350 423 448 439",
"2022 1 Neamt 320 238 301 258 304 287 370",
"2022 1 Olt 262 196 254 188 213 226 244",
"2022 1 Prahova 455 397 437 329 448 424 444",
"2022 1 SatuMare 201 194 174 183 239 243 276",
"2022 1 Salaj 167 156 174 124 188 199 185",
"2022 1 Sibiu 269 280 305 262 295 293 295",
"2022 1 Suceava 646 525 570 533 636 648 705",
"2022 1 Teleorman 185 134 184 132 152 162 176",
"2022 1 Timis 484 482 541 454 524 561 509",
"2022 1 Tulcea 133 113 103 114 101 118 140",
"2022 1 Vaslui 294 191 236 230 339 314 323",
"2022 1 Valcea 201 173 191 154 191 176 157",
"2022 1 Vrancea 234 221 190 146 195 240 261",
"2022 1 Bucuresti 1333 1257 1350 1217 1529 1539 1584",
