"2022 1 Alba 5429 5379 5170 4988 4814 4783 4581 4757 5060 5443 5656",
"2022 1 Arad 1666 2669 2623 2642 2356 2301 2311 2378 2354 2348 2357",
"2022 1 Arges 8254 7905 7834 7796 7731 7759 7820 7934 8007 8082 8146",
"2022 1 Bacau 6850 6623 6610 6431 6212 6163 5969 5862 5396 5277 5359",
"2022 1 Bihor 3348 3224 3087 2808 2892 2814 2721 2699 2728 2859 2959",
"2022 1 BistritaNasaud 4093 4040 4226 4015 3958 4016 4043 3934 4171 4677 4882",
"2022 1 Botosani 2896 2855 2826 2833 2965 3084 3326 3361 3323 3305 3376",
"2022 1 Brasov 4902 5270 5410 5349 5097 5069 5259 5186 5210 5352 5808",
"2022 1 Braila 3613 3544 3482 3315 3268 3226 3331 3392 3370 3447 3542",
"2022 1 Buzau 8195 8086 8060 8070 8196 8396 8580 7446 7274 7346 7493",
"2022 1 CarasSeverin 2414 2296 2325 2287 2287 2323 2292 2337 2336 2320 2354",
"2022 1 Calarasi 2866 2919 2963 2941 3143 3211 3304 3328 3230 3425 3641",
"2022 1 Cluj 4473 4380 4287 4107 4121 4002 4013 4069 4100 4238 4344",
"2022 1 Constanta 6117 6112 5961 5171 4536 4617 4742 4726 4865 5453 6095",
"2022 1 Covasna 3359 3647 3781 3834 3667 3462 3477 3564 3346 3264 3200",
"2022 1 Dambovita 4601 4490 4702 4701 4895 4968 5106 4729 4540 4667 4653",
"2022 1 Dolj 15649 15785 15599 15022 14819 14843 14795 15072 15644 16408 16648",
"2022 1 Galati 10710 10710 10537 10225 10337 10428 10817 10872 10390 9317 10160",
"2022 1 Giurgiu 1906 1961 1921 1942 1915 1914 2027 2066 2102 2186 2235",
"2022 1 Gorj 4256 4086 3902 3730 3563 3594 3751 4030 4098 4263 4242",
"2022 1 Harghita 4842 4721 4633 4552 4436 4551 4501 4605 4693 5017 5249",
"2022 1 Hunedoara 6723 6585 6634 6316 6395 6330 5690 5795 5826 6278 6216",
"2022 1 Ialomita 4163 3913 3827 3626 3586 3467 3411 3296 3453 3619 3837",
"2022 1 Iasi 8155 8345 8137 8072 7851 7834 7955 8200 8176 8338 8500",
"2022 1 Ilfov 789 837 897 935 981 892 903 895 958 839 786",
"2022 1 Maramures 3564 3489 3456 3352 3336 3345 3170 3273 3314 3397 3548",
"2022 1 Mehedinti 5592 5582 5450 5322 5251 5178 5077 5149 5356 5580 5684",
"2022 1 Mures 5238 5350 5470 5560 5486 5605 5682 5852 5950 6412 6713",
"2022 1 Neamt 5895 5762 5648 5495 5578 5660 5486 5471 5636 6014 6123",
"2022 1 Olt 7556 7390 7248 7094 7122 7078 7356 7326 7378 7920 8208",
"2022 1 Prahova 5970 5883 5913 5687 5658 5649 5806 5820 5766 5778 5969",
"2022 1 SatuMare 4661 4614 4507 4411 4351 4315 4377 4428 4482 4654 4796",
"2022 1 Salaj 4450 4358 4289 4237 4155 4250 4343 4354 4384 4555 4669",
"2022 1 Sibiu 3602 3475 3458 3457 3356 3271 3362 3443 3572 3940 4255",
"2022 1 Suceava 10263 10421 10272 9984 10126 10093 10071 9990 10061 10375 10539",
"2022 1 Teleorman 8804 8772 8069 8197 8258 8178 7914 8150 8450 8583 8881",
"2022 1 Timis 2734 2450 2371 2301 2339 2457 2745 2756 2808 2831 2752",
"2022 1 Tulcea 2404 2397 2509 2392 2341 2440 2477 2391 2472 2572 2882",
"2022 1 Vaslui 8951 8703 8880 8697 8628 8477 8281 8561 8515 8529 8926",
"2022 1 Valcea 4963 4917 4621 4501 4333 4249 4226 4270 4639 4953 4946",
"2022 1 Vrancea 5237 5125 5045 4888 4822 4983 4996 5007 4954 5044 5059",
"2022 1 Bucuresti 13919 13805 13648 13537 13487 13437 13386 13270 13037 12963 12824",
