"2022 1 Alba 46 91 72 84 220 181 300 284 236 180 89",
"2022 1 Arad 124 148 137 203 261 308 405 494 299 236 150",
"2022 1 Arges 109 112 89 158 293 371 571 518 499 298 119",
"2022 1 Bacau 180 189 157 217 326 349 630 849 443 258 159",
"2022 1 Bihor 95 152 153 175 380 359 572 517 394 281 118",
"2022 1 BistritaNasaud 71 69 58 90 207 156 330 336 231 145 63",
"2022 1 Botosani 129 108 99 159 241 193 417 472 286 205 104",
"2022 1 Brasov 117 154 156 175 311 334 514 516 447 267 182",
"2022 1 Braila 47 62 54 96 139 151 229 258 174 147 81",
"2022 1 Buzau 108 124 125 131 205 248 383 384 343 284 172",
"2022 1 CarasSeverin 44 68 64 91 117 121 175 242 139 90 71",
"2022 1 Calarasi 59 47 70 71 156 180 215 277 226 186 84",
"2022 1 Cluj 122 163 171 254 574 560 712 574 537 400 181",
"2022 1 Constanta 140 176 190 255 340 460 615 631 635 339 220",
"2022 1 Covasna 58 58 60 86 102 111 144 168 123 79 53",
"2022 1 Dambovita 93 100 83 153 245 304 482 501 352 229 104",
"2022 1 Dolj 135 121 155 252 311 370 565 618 547 294 149",
"2022 1 Galati 153 132 167 231 299 290 460 611 419 227 224",
"2022 1 Giurgiu 28 63 37 93 181 178 247 272 233 159 61",
"2022 1 Gorj 74 62 69 131 168 215 271 366 268 149 76",
"2022 1 Harghita 58 70 68 133 176 160 198 245 158 105 70",
"2022 1 Hunedoara 103 115 144 115 265 242 372 352 254 198 113",
"2022 1 Ialomita 56 37 56 75 139 134 220 216 188 127 70",
"2022 1 Iasi 229 287 266 342 582 540 946 960 780 436 250",
"2022 1 Ilfov 73 127 137 196 348 537 583 542 529 321 164",
"2022 1 Maramures 123 87 92 142 239 247 420 544 281 153 101",
"2022 1 Mehedinti 65 52 68 97 131 152 237 289 173 116 76",
"2022 1 Mures 130 151 142 202 359 311 472 452 344 230 132",
"2022 1 Neamt 108 131 73 91 258 223 520 554 351 197 126",
"2022 1 Olt 69 78 68 121 221 210 351 362 339 212 75",
"2022 1 Prahova 135 143 169 208 318 404 631 607 507 385 202",
"2022 1 SatuMare 92 78 89 122 206 153 269 493 209 146 72",
"2022 1 Salaj 40 51 49 69 149 137 177 187 159 110 45",
"2022 1 Sibiu 81 88 113 131 215 262 331 409 281 196 93",
"2022 1 Suceava 245 192 177 168 415 346 899 901 550 327 170",
"2022 1 Teleorman 38 69 55 94 146 202 213 242 230 153 69",
"2022 1 Timis 136 166 187 218 270 329 315 407 447 443 393",
"2022 1 Tulcea 35 55 37 56 112 89 155 194 129 112 60",
"2022 1 Vaslui 124 111 114 177 209 215 337 470 297 187 111",
"2022 1 Valcea 35 43 36 38 106 111 143 205 99 101 42",
"2022 1 Vrancea 65 67 55 88 133 158 294 434 204 138 78",
"2022 1 Bucuresti 455 674 735 792 1028 1549 1460 1305 1465 1239 950",
