"2022 1 Alba 97083 97366 97742 97763 97965 97996 98153 98138 98297 98431 98518 98192",
"2022 1 Arad 132029 132112 132322 132350 132625 132667 132882 132860 133077 133259 133378 132934",
"2022 1 Arges 157104 157557 158161 158194 158518 158568 158821 158796 159052 159267 159407 158883",
"2022 1 Bacau 119444 119755 120181 120206 120456 120494 120689 120669 120866 121032 121139 120737",
"2022 1 Bihor 180323 180603 181053 181091 181460 181516 181805 181776 182067 182312 182471 181875",
"2022 1 BistritaNasaud 70669 70923 71245 71260 71405 71427 71541 71529 71644 71740 71803 71568",
"2022 1 Botosani 58690 58918 59204 59217 59341 59360 59457 59448 59546 59628 59682 59481",
"2022 1 Brasov 194718 195286 196040 196081 196486 196547 196863 196831 197150 197418 197592 196940",
"2022 1 Braila 71751 71937 72193 72209 72360 72383 72500 72489 72607 72708 72772 72529",
"2022 1 Buzau 88422 88728 89120 89138 89322 89350 89494 89479 89624 89746 89825 89529",
"2022 1 CarasSeverin 54161 54273 54437 54449 54562 54579 54667 54658 54747 54822 54870 54688",
"2022 1 Calarasi 46772 46880 47032 47042 47139 47154 47230 47222 47299 47363 47405 47248",
"2022 1 Cluj 272429 273075 273977 274034 274589 274673 275107 275063 275501 275869 276108 275213",
"2022 1 Constanta 193829 194355 195065 195106 195503 195563 195874 195842 196155 196419 196590 195949",
"2022 1 Covasna 50977 51100 51274 51285 51393 52350 52436 52427 52514 52587 52634 52457",
"2022 1 Dambovita 89835 90180 90611 90630 90818 90847 90993 90978 91126 91251 91331 91029",
"2022 1 Dolj 144660 145074 145625 145655 145953 145998 146230 146207 146441 146638 146766 146287",
"2022 1 Galati 119557 119905 120368 120393 120642 120679 120873 120854 121050 121215 121322 120921",
"2022 1 Giurgiu 38212 38492 38808 38816 38893 38905 38965 38959 39020 39071 39104 38980",
"2022 1 Gorj 76924 77134 77418 77434 77595 77619 77745 77732 77859 77966 78035 77776",
"2022 1 Harghita 72547 72713 72948 72964 73115 73138 73256 73244 73363 73463 73528 73284",
"2022 1 Hunedoara 108181 108466 108856 108879 109107 109142 109320 109302 109481 109632 109731 109363",
"2022 1 Ialomita 47719 47854 48034 48044 48144 48159 48238 48230 48308 48375 48418 48257",
"2022 1 Iasi 186890 187551 188392 188432 188823 188882 189187 189156 189464 189723 189891 189261",
"2022 1 Ilfov 182477 183297 184286 184323 184690 184745 185032 185003 185292 185535 185693 185102",
"2022 1 Maramures 114381 114830 115389 115413 115650 115686 118068 118049 118239 118399 118503 118114",
"2022 1 Mehedinti 45780 45933 46131 46141 46238 46253 46329 46321 46398 46462 46504 46347",
"2022 1 Mures 142703 143081 143595 143626 143923 143969 144201 144178 144413 144610 144738 144258",
"2022 1 Neamt 89634 89923 90298 90317 90505 90533 90680 90665 90813 90938 91018 90716",
"2022 1 Olt 76184 76337 76565 76581 76741 76765 76682 76670 76795 76901 76970 76713",
"2022 1 Prahova 185036 185371 185884 185923 186308 186367 186668 186638 186941 187197 187362 186741",
"2022 1 SatuMare 84728 84929 85211 85229 85406 85433 85571 85557 85696 85813 85889 85604",
"2022 1 Salaj 52399 52578 52806 52817 52925 52941 53026 53018 53103 53175 53222 53047",
"2022 1 Sibiu 139309 139533 139891 139921 140213 140257 140486 140463 140693 140887 141013 140542",
"2022 1 Suceava 116680 117095 117620 117644 117883 117919 118106 118087 118275 118434 118536 118151",
"2022 1 Teleorman 55499 55658 55871 55882 55999 56016 56107 56098 56190 56267 56317 56129",
"2022 1 Timis 260451 260606 261011 261066 261608 261690 262113 262070 262497 262856 263090 262216",
"2022 1 Tulcea 49152 49319 49533 49543 49646 49661 49324 49316 49396 49463 49507 49343",
"2022 1 Vaslui 56386 56629 56926 56938 57055 57073 57027 57018 57110 57188 57238 57050",
"2022 1 Valcea 83890 84174 84539 84556 84731 84758 84894 84881 85018 85134 85209 84928",
"2022 1 Vrancea 63254 63440 63686 63699 63830 63850 63952 63942 64045 64132 64188 63977",
"2022 1 Bucuresti 1046709 1048294 1050894 1051117 1053294 1053628 1055329 1055160 1056881 1058326 1059269 1055748",
