"2022 1 Alba -178 -280 -179 -210 -163 -82 -153",
"2022 1 Arad -337 -418 -261 -247 -141 -144 -151",
"2022 1 Arges -393 -649 -418 -355 -245 -239 -221",
"2022 1 Bacau -395 -627 -408 -400 -235 -185 -116",
"2022 1 Bihor -412 -446 -316 -251 -205 -96 -77",
"2022 1 BistritaNasaud -117 -158 -103 -36 -23 -34 13",
"2022 1 Botosani -276 -418 -286 -247 -166 -112 -77",
"2022 1 Brasov -187 -366 -172 -207 -31 -30 -103",
"2022 1 Braila -340 -427 -354 -338 -234 -180 -228",
"2022 1 Buzau -443 -528 -508 -407 -282 -172 -204",
"2022 1 CarasSeverin -242 -294 -239 -207 -152 -111 -115",
"2022 1 Calarasi -266 -326 -294 -233 -147 -111 -153",
"2022 1 Cluj -333 -432 -314 -266 -136 35 -101",
"2022 1 Constanta -382 -599 -385 -346 -216 -166 -234",
"2022 1 Covasna -74 -201 -85 -106 -32 -54 -23",
"2022 1 Dambovita -296 -530 -392 -329 -194 -153 -137",
"2022 1 Dolj -448 -687 -602 -484 -313 -232 -325",
"2022 1 Galati -353 -507 -431 -288 -247 -208 -143",
"2022 1 Giurgiu -202 -315 -297 -267 -182 -142 -157",
"2022 1 Gorj -233 -326 -261 -223 -146 -148 -148",
"2022 1 Harghita -162 -212 -107 -120 -100 -64 -21",
"2022 1 Hunedoara -374 -565 -347 -287 -228 -237 -212",
"2022 1 Ialomita -221 -278 -262 -240 -181 -101 -96",
"2022 1 Iasi -188 -517 -296 -300 141 164 29",
"2022 1 Ilfov -34 -132 -77 -84 -6 66 84",
"2022 1 Maramures -284 -454 -240 -225 -112 -114 -58",
"2022 1 Mehedinti -213 -315 -266 -219 -130 -118 -99",
"2022 1 Mures -330 -486 -314 -289 -188 -55 -142",
"2022 1 Neamt -478 -589 -345 -300 -222 -223 -125",
"2022 1 Olt -394 -483 -367 -351 -308 -220 -252",
"2022 1 Prahova -641 -870 -695 -561 -419 -300 -346",
"2022 1 SatuMare -285 -243 -272 -217 -101 -70 -51",
"2022 1 Salaj -114 -200 -113 -179 -76 -2 -51",
"2022 1 Sibiu -174 -254 -141 -113 -51 -41 -47",
"2022 1 Suceava -219 -314 -184 -166 21 97 153",
"2022 1 Teleorman -385 -550 -492 -429 -309 -290 -308",
"2022 1 Timis -224 -367 -201 -85 40 112 53",
"2022 1 Tulcea -173 -242 -201 -127 -126 -114 -87",
"2022 1 Vaslui -199 -401 -344 -212 -101 -74 -75",
"2022 1 Valcea -197 -238 -142 -134 -130 -82 -108",
"2022 1 Vrancea -246 -292 -290 -285 -178 -83 -100",
"2022 1 Bucuresti -704 -1152 -942 -669 -327 -73 -261",
