"2022 1 Alba 435 452 400 397 386 290 365",
"2022 1 Arad 607 670 574 489 433 433 453",
"2022 1 Arges 787 982 781 642 632 592 588",
"2022 1 Bacau 895 964 820 736 679 637 654",
"2022 1 Bihor 828 813 741 631 603 518 564",
"2022 1 BistritaNasaud 354 383 335 253 288 290 267",
"2022 1 Botosani 579 629 547 461 460 414 369",
"2022 1 Brasov 628 732 603 567 545 484 542",
"2022 1 Braila 510 549 512 438 399 344 408",
"2022 1 Buzau 696 769 739 591 521 442 507",
"2022 1 CarasSeverin 392 429 381 307 283 253 279",
"2022 1 Calarasi 452 488 491 369 332 320 364",
"2022 1 Cluj 854 921 819 709 697 576 636",
"2022 1 Constanta 870 1018 834 735 705 642 719",
"2022 1 Covasna 256 311 254 208 196 191 185",
"2022 1 Dambovita 643 820 679 596 518 459 513",
"2022 1 Dolj 935 1019 973 803 728 646 765",
"2022 1 Galati 706 749 726 562 593 523 579",
"2022 1 Giurgiu 388 467 446 367 339 310 357",
"2022 1 Gorj 422 514 436 364 326 327 352",
"2022 1 Harghita 396 429 362 331 310 283 267",
"2022 1 Hunedoara 603 762 582 496 464 438 482",
"2022 1 Ialomita 392 437 420 356 337 287 295",
"2022 1 Iasi 910 999 921 779 713 559 715",
"2022 1 Ilfov 436 477 454 368 371 320 353",
"2022 1 Maramures 590 694 539 472 421 422 454",
"2022 1 Mehedinti 357 429 377 337 276 283 300",
"2022 1 Mures 777 847 729 639 611 503 581",
"2022 1 Neamt 798 827 646 558 526 510 495",
"2022 1 Olt 656 679 621 539 521 446 496",
"2022 1 Prahova 1096 1267 1132 890 867 724 790",
"2022 1 SatuMare 486 437 446 400 340 313 327",
"2022 1 Salaj 281 356 287 303 264 201 236",
"2022 1 Sibiu 443 534 446 375 346 334 342",
"2022 1 Suceava 865 839 754 699 615 551 552",
"2022 1 Teleorman 570 684 676 561 461 452 484",
"2022 1 Timis 708 849 742 539 484 449 456",
"2022 1 Tulcea 306 355 304 241 227 232 227",
"2022 1 Vaslui 493 592 580 442 440 388 398",
"2022 1 Valcea 398 411 333 288 321 258 265",
"2022 1 Vrancea 480 513 480 431 373 323 361",
"2022 1 Bucuresti 2037 2409 2292 1886 1856 1612 1845",
