"2022 1 Alba 233186 251838 279988 242680 270796 258541 266095",
"2022 1 Arad 298679 310308 322231 285148 326173 304108 287105",
"2022 1 Arges 479679 501732 533554 461096 575286 553501 499914",
"2022 1 Bacau 84500 86872 97145 85663 97143 90391 88335",
"2022 1 Bihor 184485 192074 228549 182794 229573 228939 214491",
"2022 1 BistritaNasaud 58193 66748 74217 61787 68998 65185 58136",
"2022 1 Botosani 24409 27058 30091 23803 32227 29597 29006",
"2022 1 Brasov 332853 349233 384120 322899 383024 354106 347552",
"2022 1 Braila 16782 16979 20018 21870 27149 22907 26875",
"2022 1 Buzau 69703 76940 95265 98012 104899 110996 87581",
"2022 1 CarasSeverin 19450 27758 21196 21033 27764 23168 18682",
"2022 1 Calarasi 46479 33647 47511 41875 49565 34365 82739",
"2022 1 Cluj 202645 229590 277629 235547 251334 228159 190361",
"2022 1 Constanta 177591 157669 193346 201337 227975 355859 224326",
"2022 1 Covasna 36821 36400 51970 32238 49308 41408 43943",
"2022 1 Dambovita 117037 117530 137119 123868 149102 131777 130112",
"2022 1 Dolj 332969 270058 391948 242209 215710 289155 379892",
"2022 1 Galati 154875 158983 163700 200649 171239 105542 73115",
"2022 1 Giurgiu 10598 9699 16704 13552 14638 12687 11889",
"2022 1 Gorj 3606 4829 6159 4627 5884 6076 6097",
"2022 1 Harghita 24488 29348 33848 30772 33407 30321 28858",
"2022 1 Hunedoara 63274 75904 102351 80080 89620 73611 87757",
"2022 1 Ialomita 22570 22068 33335 17959 45538 47558 39907",
"2022 1 Iasi 73509 80696 92517 82785 84691 84549 84618",
"2022 1 Ilfov 295462 316398 364241 306857 346855 306904 330226",
"2022 1 Maramures 138297 147900 167706 143805 171011 168509 162471",
"2022 1 Mehedinti 13411 15340 13251 15965 25846 16699 13041",
"2022 1 Mures 101220 114202 122272 106249 132716 119524 117977",
"2022 1 Neamt 42724 49636 53124 44225 53345 51770 46161",
"2022 1 Olt 185174 187114 203051 195035 244132 213218 192349",
"2022 1 Prahova 225804 224073 245267 211991 248425 246270 256336",
"2022 1 SatuMare 105295 127838 139748 121605 141775 125282 126231",
"2022 1 Salaj 76951 85139 73841 83092 73195 95411 86003",
"2022 1 Sibiu 244727 257563 292417 242873 276090 253564 238447",
"2022 1 Suceava 56846 60896 60108 58993 67464 57376 58131",
"2022 1 Teleorman 14953 15942 17037 14744 17294 16139 15844",
"2022 1 Timis 612540 662820 731446 624731 730983 713654 697136",
"2022 1 Tulcea 11139 76645 13714 15810 119395 12066 10346",
"2022 1 Vaslui 13630 13556 17714 13205 14596 14113 14649",
"2022 1 Valcea 21955 22698 27911 26338 28227 25046 23071",
"2022 1 Vrancea 19614 22533 21660 16562 24895 26194 26310",
"2022 1 Bucuresti 1325719 1269654 1662392 1232748 1501565 1546427 1696276",
