"2022 1 Alba 3183 3259 3514 3382 3421 3498 3462 3435 3542 3509",
"2022 1 Arad 3129 3185 3222 3266 3295 3370 3354 3300 3439 3469",
"2022 1 Arges 3342 3277 3350 3541 3420 3544 3715 3475 3523 3545",
"2022 1 Bacau 3265 3263 3419 3403 3533 3582 3585 3634 3652 3556",
"2022 1 Bihor 3030 3105 3167 3132 3183 3184 3180 3192 3249 3251",
"2022 1 BistritaNasaud 2876 2915 3047 3151 3099 3058 3079 3023 3099 3113",
"2022 1 Botosani 3031 3059 3136 3145 3343 3214 3172 3166 3208 3149",
"2022 1 Brasov 3431 3430 3706 3604 3629 3821 3688 3719 3754 3819",
"2022 1 Braila 3102 3076 3158 3182 3324 3322 3351 3273 3284 3346",
"2022 1 Buzau 2978 2998 3108 3086 3084 3229 3233 3194 3233 3265",
"2022 1 CarasSeverin 2949 2968 2969 2992 3149 3045 3014 2990 3102 3188",
"2022 1 Calarasi 3128 3183 3378 3288 3345 3452 3483 3428 3503 3550",
"2022 1 Cluj 4424 4449 4821 4619 4864 4712 4756 4730 4791 4849",
"2022 1 Constanta 3187 3173 3278 3426 3332 3428 3448 3418 3377 3419",
"2022 1 Covasna 3206 3154 3207 3304 3293 3303 3208 3298 3306 3307",
"2022 1 Dambovita 2934 2917 2966 3065 3052 3138 3093 3035 3081 3106",
"2022 1 Dolj 3251 3229 3299 3351 3446 3411 3432 3490 3449 3466",
"2022 1 Galati 3325 3350 3414 3448 3553 3405 3435 3459 3503 3502",
"2022 1 Giurgiu 3179 3189 3232 3359 3291 3269 3379 3279 3299 3382",
"2022 1 Gorj 3296 3304 3482 3920 3689 3903 3817 3552 3520 3566",
"2022 1 Harghita 2824 2831 2913 2820 2833 2838 2840 2841 2886 2917",
"2022 1 Hunedoara 2880 2892 2973 2971 3084 2992 2918 2950 3060 3064",
"2022 1 Ialomita 2886 2898 2963 3025 3039 3176 3123 3137 3162 3221",
"2022 1 Iasi 3639 3652 3776 3794 3943 3996 3894 3852 3910 3907",
"2022 1 Ilfov 3728 3665 4004 4006 3959 4006 4051 3976 4047 4099",
"2022 1 Maramures 2951 2962 3049 3112 3139 3126 3106 3095 3163 3198",
"2022 1 Mehedinti 3208 3188 3217 3342 3459 3432 3294 3294 3327 3339",
"2022 1 Mures 3657 3599 3662 3852 3652 3844 3819 3799 3872 3876",
"2022 1 Neamt 2895 2952 2982 3023 3008 3037 3019 3058 3078 3054",
"2022 1 Olt 3306 3251 3344 3518 3412 3507 3436 3540 3457 3491",
"2022 1 Prahova 3291 3382 3503 3501 3483 3485 3446 3452 3656 3558",
"2022 1 SatuMare 2978 3045 3238 3148 3166 3248 3170 3181 3247 3259",
"2022 1 Salaj 3005 3019 3073 3302 3132 3233 3188 3190 3472 3242",
"2022 1 Sibiu 3739 3826 3968 4119 4296 4027 4119 4097 4152 4248",
"2022 1 Suceava 2905 2856 3025 2975 3061 3090 3013 2985 3071 3094",
"2022 1 Teleorman 2812 2812 2874 2914 2886 2910 2892 2886 2967 2981",
"2022 1 Timis 3883 3975 4123 4463 4257 4424 4278 4314 4335 4307",
"2022 1 Tulcea 3031 3082 3154 3194 3117 3113 3152 3143 3177 3199",
"2022 1 Vaslui 2824 2864 2913 3016 2914 3293 3155 3095 3055 3040",
"2022 1 Valcea 2772 2756 2820 2896 2886 2983 2984 2988 2976 3003",
"2022 1 Vrancea 2824 2829 2895 2889 2896 2945 2949 2926 2955 2975",
"2022 1 Bucuresti 4832 4868 5315 5287 5093 5182 5228 5119 5243 5220",
