"2022 1 Alba 16668 14928 15907 18441 25116 38343 49147",
"2022 1 Arad 19362 16714 16961 19768 24988 26220 36107",
"2022 1 Arges 13779 13833 16102 23035 24139 30458 46315",
"2022 1 Bacau 20004 19665 20996 26588 29506 36945 42124",
"2022 1 Bihor 60113 52197 54295 80786 115078 151360 181072",
"2022 1 BistritaNasaud 9157 7314 7851 8492 13061 15675 24071",
"2022 1 Botosani 3867 2387 4231 5357 5362 7269 8427",
"2022 1 Brasov 187453 173232 127610 136680 148848 174906 229623",
"2022 1 Braila 5988 13808 14604 10884 16421 18797 22341",
"2022 1 Buzau 8253 8566 9050 10208 13346 15553 18161",
"2022 1 CarasSeverin 26920 26691 23209 30441 40263 65032 84798",
"2022 1 Calarasi 1757 1790 2012 1932 3241 3020 3901",
"2022 1 Cluj 40596 42582 58077 62770 92760 102301 113032",
"2022 1 Constanta 34957 43278 45898 68738 99148 444136 1238364",
"2022 1 Covasna 23277 18758 24951 29770 46079 55454 68531",
"2022 1 Dambovita 10978 12815 14077 16358 22584 26151 28623",
"2022 1 Dolj 9192 10108 11232 11723 14448 13687 12708",
"2022 1 Galati 7858 7596 12481 11299 13883 14255 14730",
"2022 1 Giurgiu 1861 2110 2416 2353 2482 3102 3489",
"2022 1 Gorj 16534 11790 9145 7914 10612 12629 22049",
"2022 1 Harghita 25147 23257 21727 30603 37989 42295 57327",
"2022 1 Hunedoara 11931 11860 15921 16311 18699 24475 30167",
"2022 1 Ialomita 1912 2759 3362 8606 7380 15648 33078",
"2022 1 Iasi 21307 27334 52567 46147 56898 59385 63400",
"2022 1 Ilfov 12167 15573 24970 21768 25499 25948 24580",
"2022 1 Maramures 31236 25126 23780 26719 28630 33800 50585",
"2022 1 Mehedinti 4276 5582 7970 11690 15330 22613 29765",
"2022 1 Mures 47654 45931 47852 59646 69653 80372 104692",
"2022 1 Neamt 15516 14155 20897 27301 34689 47544 64734",
"2022 1 Olt 3811 2996 3042 2968 4345 4171 4134",
"2022 1 Prahova 79564 71127 58666 60248 66566 83259 109386",
"2022 1 SatuMare 11230 11424 13019 12781 14169 16068 17903",
"2022 1 Salaj 2533 3111 4025 3603 5789 6920 9498",
"2022 1 Sibiu 44138 40227 39690 51875 63854 77574 109472",
"2022 1 Suceava 56794 51350 44024 56559 62850 88979 124429",
"2022 1 Teleorman 315 292 303 461 1022 843 1064",
"2022 1 Timis 22185 29612 31350 35928 37543 46467 59025",
"2022 1 Tulcea 2313 2702 6599 9436 21685 29377 40674",
"2022 1 Vaslui 3057 3232 4955 3620 4873 5613 5025",
"2022 1 Valcea 65007 47570 51613 70133 90447 125621 161597",
"2022 1 Vrancea 3423 3588 3801 4001 4693 5070 5705",
"2022 1 Bucuresti 118060 149690 245009 207998 272728 257962 268546",
