"2022 1 Alba 24800 20946 10947 21574 23020 37181 25201 17595",
"2022 1 Arad 35092 41834 15515 15767 9530 12063 22253 -1941",
"2022 1 Arges 106201 104534 76431 98863 155060 154522 62432 140635",
"2022 1 Bacau -21346 -41271 -36576 -64210 -37818 -37245 -71824 -43226",
"2022 1 Bihor -31496 -35855 -21266 -35659 -33881 -19184 -28436 -22545",
"2022 1 BistritaNasaud -11621 -7838 -3675 -12857 -10170 -16044 -7609 -11628",
"2022 1 Botosani 4623 4280 4252 764 4432 2354 5032 -2564",
"2022 1 Brasov 46392 30410 26545 19278 43385 16504 1277 5432",
"2022 1 Braila 1876 431 -7156 -4252 -10145 -8367 -13783 -24915",
"2022 1 Buzau 11417 34860 13469 8956 7780 29508 15700 2331",
"2022 1 CarasSeverin 2072 7212 748 3323 6541 1621 -306 4061",
"2022 1 Calarasi 15821 -9523 10327 12616 18359 -8965 38300 -7595",
"2022 1 Cluj -95845 -94053 -94572 -103243 -103310 -120570 -154356 -125563",
"2022 1 Constanta -108211 -176538 -43684 -149683 -228009 -103843 -278547 -173097",
"2022 1 Covasna 3267 -1007 9716 -7371 9145 6285 7353 3874",
"2022 1 Dambovita 6684 2899 20694 -12084 29214 10938 7827 21222",
"2022 1 Dolj 98680 20475 107976 26813 11760 114647 99254 -9226",
"2022 1 Galati -13507 -8922 -8769 12337 -57528 -85196 -72075 18407",
"2022 1 Giurgiu -20003 -36415 -32225 -12513 -15225 -24232 -55570 -37535",
"2022 1 Gorj -2352 -1708 -264 -313 -960 -280 -193 -810",
"2022 1 Harghita -27341 -16352 -21586 -34756 -18955 -21349 -32798 -16534",
"2022 1 Hunedoara 10816 9804 31394 20242 24896 7322 25718 2118",
"2022 1 Ialomita 392 -2541 2422 -8997 16155 22152 5062 -7339",
"2022 1 Iasi -21136 -23895 -26175 -9789 -25073 -39652 -23087 -23309",
"2022 1 Ilfov -452151 -529656 -630417 -583388 -630514 -673349 -664572 -648162",
"2022 1 Maramures 32181 39069 34383 30465 37549 44780 33194 45487",
"2022 1 Mehedinti 2391 4384 140 4698 7409 2759 1971 2150",
"2022 1 Mures -174620 -115894 -162315 -152579 -125101 -123201 -85988 -102172",
"2022 1 Neamt -1953 -8178 -1514 -10226 -19519 -8069 -13763 -15982",
"2022 1 Olt 80143 56860 60287 54101 83876 59355 49625 50480",
"2022 1 Prahova -75357 -103542 -133659 -130898 -115550 -134851 -103132 -99713",
"2022 1 SatuMare -5139 8352 -13640 5158 11112 5521 2581 3165",
"2022 1 Salaj 44712 49922 34292 50050 28777 52167 47437 40041",
"2022 1 Sibiu 32073 26145 32533 12822 4469 15187 -3850 14359",
"2022 1 Suceava -19140 -16999 -17467 -22917 -16919 -18438 -35891 -27867",
"2022 1 Teleorman -1220 -4565 -6648 -8325 -8669 -9032 -9760 -14483",
"2022 1 Timis 46452 23678 9179 6682 -610 36098 -8566 -10660",
"2022 1 Tulcea -6866 63301 -8254 -1769 95779 -11744 -14085 -6813",
"2022 1 Vaslui 730 457 3422 718 -653 -2283 977 -707",
"2022 1 Valcea -13935 -14748 -11303 -19203 -14260 -12014 -16703 -21353",
"2022 1 Vrancea -1399 -2112 -6757 -8524 -4082 -3912 -3100 2871",
"2022 1 Bucuresti -1460776 -1633712 -1761982 -1817618 -1725618 -1732764 -1916224 -2048834",
