"2023 1 Alba 209 174 213 179 228 215 220",
"2023 1 Arad 278 249 268 217 304 284 337",
"2023 1 Arges 364 284 346 274 334 314 349",
"2023 1 Bacau 457 329 351 329 415 379 406",
"2023 1 Bihor 431 343 399 376 435 425 463",
"2023 1 BistritaNasaud 250 221 228 178 268 212 264",
"2023 1 Botosani 303 233 246 244 280 278 289",
"2023 1 Brasov 480 376 417 349 436 387 457",
"2023 1 Braila 175 155 121 132 141 135 155",
"2023 1 Buzau 258 226 224 198 198 235 177",
"2023 1 CarasSeverin 138 132 128 101 148 131 163",
"2023 1 Calarasi 194 142 166 132 181 195 211",
"2023 1 Cluj 516 446 513 450 558 468 582",
"2023 1 Constanta 519 389 422 376 424 449 496",
"2023 1 Covasna 170 111 119 105 153 139 143",
"2023 1 Dambovita 320 253 285 236 303 273 344",
"2023 1 Dolj 413 313 362 301 352 339 430",
"2023 1 Galati 348 269 286 266 358 296 350",
"2023 1 Giurgiu 153 131 158 128 141 150 201",
"2023 1 Gorj 162 164 146 149 169 174 213",
"2023 1 Harghita 242 198 246 167 241 202 218",
"2023 1 Hunedoara 187 176 159 172 201 191 199",
"2023 1 Ialomita 146 143 135 139 140 198 228",
"2023 1 Iasi 704 518 585 501 666 585 698",
"2023 1 Ilfov 348 337 357 287 375 352 419",
"2023 1 Maramures 312 233 271 245 323 283 346",
"2023 1 Mehedinti 139 111 126 108 133 126 171",
"2023 1 Mures 445 328 356 350 396 348 429",
"2023 1 Neamt 306 235 305 239 290 287 307",
"2023 1 Olt 214 192 235 134 216 180 241",
"2023 1 Prahova 434 377 382 342 363 383 470",
"2023 1 SatuMare 237 181 188 174 213 204 288",
"2023 1 Salaj 200 159 163 148 199 165 199",
"2023 1 Sibiu 337 244 280 286 304 298 318",
"2023 1 Suceava 654 518 597 524 688 570 698",
"2023 1 Teleorman 168 144 150 118 155 158 197",
"2023 1 Timis 471 471 460 368 510 454 487",
"2023 1 Tulcea 143 84 123 80 106 87 119",
"2023 1 Vaslui 296 193 233 205 269 226 281",
"2023 1 Valcea 181 155 205 143 151 155 180",
"2023 1 Vrancea 236 209 191 171 207 189 224",
"2023 1 Bucuresti 1343 1170 1192 1087 1270 1201 1320",
