"2023 1 Alba 37 31 62 47 61 42 43 54 39 38 30 43",
"2023 1 Arad 36 31 75 60 80 60 45 50 90 43 50 45",
"2023 1 Arges 93 86 125 119 117 128 119 107 105 120 98 83",
"2023 1 Bacau 43 53 88 61 118 81 138 104 60 85 72 70",
"2023 1 Bihor 70 82 113 84 111 129 126 121 93 116 111 80",
"2023 1 BistritaNasaud 25 41 73 56 65 61 61 55 48 37 39 54",
"2023 1 Botosani 55 43 78 72 72 77 67 88 54 46 36 69",
"2023 1 Brasov 120 148 155 72 85 106 168 101 89 108 85 63",
"2023 1 Braila 8 26 24 26 36 18 26 48 26 22 34 21",
"2023 1 Buzau 25 36 49 46 44 45 45 37 43 43 47 32",
"2023 1 CarasSeverin 10 14 23 11 24 14 19 18 22 18 9 6",
"2023 1 Calarasi 21 33 34 34 43 26 25 49 26 27 26 27",
"2023 1 Cluj 98 164 125 122 208 152 127 102 109 130 145 100",
"2023 1 Constanta 75 87 142 98 124 117 103 110 114 115 111 66",
"2023 1 Covasna 22 7 14 13 25 24 21 15 17 23 22 15",
"2023 1 Dambovita 70 85 118 93 121 109 87 82 112 106 98 70",
"2023 1 Dolj 61 78 85 79 104 42 87 43 100 66 71 73",
"2023 1 Galati 60 73 87 66 91 69 87 100 109 65 52 64",
"2023 1 Giurgiu 38 40 66 72 67 60 40 54 74 43 62 34",
"2023 1 Gorj 20 36 46 56 50 56 50 51 46 28 41 32",
"2023 1 Harghita 28 25 47 28 48 30 44 44 41 37 37 31",
"2023 1 Hunedoara 16 26 28 27 35 33 32 29 26 30 25 26",
"2023 1 Ialomita 27 35 46 30 52 50 36 37 46 43 27 26",
"2023 1 Iasi 107 146 161 147 143 149 145 144 166 174 118 136",
"2023 1 Ilfov 207 200 347 214 288 258 271 309 322 306 249 261",
"2023 1 Maramures 64 78 78 87 92 99 96 81 80 89 69 91",
"2023 1 Mehedinti 21 20 33 31 37 25 35 27 33 28 22 21",
"2023 1 Mures 32 55 48 43 36 47 34 54 58 63 54 34",
"2023 1 Neamt 37 54 74 66 122 68 77 85 72 51 63 39",
"2023 1 Olt 30 24 40 26 33 34 32 29 25 37 34 31",
"2023 1 Prahova 63 75 111 107 103 93 98 115 90 106 85 103",
"2023 1 SatuMare 40 44 83 36 78 46 52 60 53 44 40 38",
"2023 1 Salaj 36 27 31 37 35 45 44 45 41 37 35 24",
"2023 1 Sibiu 31 51 76 29 65 61 46 52 54 82 49 33",
"2023 1 Suceava 108 175 185 144 205 184 173 200 206 180 160 179",
"2023 1 Teleorman 14 15 19 20 19 21 20 26 13 28 25 10",
"2023 1 Timis 105 158 172 133 189 182 164 158 184 177 168 184",
"2023 1 Tulcea 12 12 21 24 20 20 19 26 13 13 21 11",
"2023 1 Vaslui 30 35 39 24 65 42 36 42 41 48 54 48",
"2023 1 Valcea 27 32 35 40 59 28 37 63 55 61 35 100",
"2023 1 Vrancea 34 61 61 59 54 57 40 61 58 60 51 35",
"2023 1 Bucuresti 23 29 29 38 25 30 41 39 30 29 40 42",
