"2023 1 Alba 13533 31291 43537 14106 24295 19787 23018 28548 21878",
"2023 1 Arad 41927 26457 74406 54872 59541 29073 44138 36478 56147",
"2023 1 Arges 132416 191860 196883 144661 211025 107589 113530 90627 87523",
"2023 1 Bacau -26466 -23327 -31976 -28047 -34310 -22360 -41036 -44139 -19851",
"2023 1 Bihor -34324 -28959 -10510 -23096 -21193 -20342 -8142 -30108 18790",
"2023 1 BistritaNasaud -10546 -17106 -8808 -16649 -11104 -7554 -11034 -11596 -18306",
"2023 1 Botosani -20 1123 -1245 -2629 862 -1668 -1578 -5880 -4624",
"2023 1 Brasov 45778 59055 65831 32350 60966 25230 9139 27622 44378",
"2023 1 Braila -11966 -15925 -17895 -5042 34361 2652 2850 21652 21155",
"2023 1 Buzau 32890 19087 35882 28759 39640 29674 13308 14442 19059",
"2023 1 CarasSeverin 3342 9378 15296 9513 8668 10591 6257 2447 6036",
"2023 1 Calarasi 3917 8385 5696 964 2164 2730 2893 5738 -17578",
"2023 1 Cluj -125772 -144797 -163675 -144092 -175345 -153808 -153779 -176335 -158243",
"2023 1 Constanta -194075 -101702 -142816 -135425 -211723 -165009 -54486 -190617 -24259",
"2023 1 Covasna 157 95 1976 -4118 -2343 -4402 3609 -8164 -4121",
"2023 1 Dambovita 13032 19524 16004 25026 22114 31845 24376 13076 18357",
"2023 1 Dolj 50351 80268 42208 64087 70921 82285 85817 7120 102327",
"2023 1 Galati -14729 -16797 -50366 -18061 15582 -31313 -26082 -30805 50121",
"2023 1 Giurgiu -14093 -32296 -35019 -22192 -15266 -20799 -18203 -16919 -14502",
"2023 1 Gorj -5734 -1879 -303 -2081 -3526 -7588 -1327 -1164 -1827",
"2023 1 Harghita -23714 -23410 -26040 -23412 -21390 -24636 -29938 -24556 -18475",
"2023 1 Hunedoara 25692 28295 32556 16504 45762 28166 37864 10930 35763",
"2023 1 Ialomita -3556 -14271 -5873 1809 1417 -1115 -10033 -11748 -3559",
"2023 1 Iasi -21542 -25904 -28974 -16669 -15012 -35705 -14440 -28701 -24765",
"2023 1 Ilfov -590285 -602944 -691142 -630682 -674857 -661087 -653512 -617083 -657877",
"2023 1 Maramures 43120 47569 55561 29550 51592 29403 35028 42367 44611",
"2023 1 Mehedinti 4783 -2982 6934 2237 2388 1930 2210 1941 9904",
"2023 1 Mures -105374 -58938 -87812 -71411 -85877 -87650 -34739 -89056 -18883",
"2023 1 Neamt 3825 -471 -4672 4345 -3499 2282 -7895 -578 6890",
"2023 1 Olt 80076 95149 72555 62057 57680 70085 62451 76723 70692",
"2023 1 Prahova -123712 -99264 -123042 -117866 -96836 -99231 -73500 -109122 -65686",
"2023 1 SatuMare 13714 -5776 -4677 -1710 17799 -1060 7667 -3868 4760",
"2023 1 Salaj 53708 48751 54326 45874 36870 34359 61504 11349 25048",
"2023 1 Sibiu 44230 50156 51311 1543 39927 36784 22097 33576 42068",
"2023 1 Suceava -22380 -24629 -17753 -27187 -22155 -20935 -21255 -16222 -17307",
"2023 1 Teleorman -6088 -5514 -3099 -8440 -1937 -10455 -7348 -13923 -9173",
"2023 1 Timis 24199 87703 136550 64503 120554 88232 50211 51830 101597",
"2023 1 Tulcea -12734 -9168 -7977 -9681 54964 -9479 -11266 -14241 -10232",
"2023 1 Vaslui -327 4860 3669 1738 767 642 6613 2871 3615",
"2023 1 Valcea -11728 -14732 -14819 -25654 -13915 -16315 -23212 -19031 -14870",
"2023 1 Vrancea -3139 4863 -6748 -9481 -6476 -6908 1405 8183 1719",
"2023 1 Bucuresti -1572646 -1591463 -1835357 -1302432 -1738936 -1601583 -1744696 -1551816 -1815279",
