"2023 1 Alba 242885 256355 276320 240619 275506 257890 233674 246062",
"2023 1 Arad 270739 291271 324571 260873 313365 303491 264218 254559",
"2023 1 Arges 444832 446070 489610 383621 449334 422693 436992 297449",
"2023 1 Bacau 106764 110830 134807 110243 126441 109978 123186 108145",
"2023 1 Bihor 260509 259718 289481 236069 278208 266390 242125 235983",
"2023 1 BistritaNasaud 75793 86346 85631 71994 80386 74539 78101 64652",
"2023 1 Botosani 27182 28454 32839 24878 28024 30292 27293 21919",
"2023 1 Brasov 326863 342749 396989 331056 373584 375546 344811 327127",
"2023 1 Braila 25972 31086 31719 21648 26492 23963 25202 27301",
"2023 1 Buzau 51974 55610 65732 50609 68038 52885 57972 57046",
"2023 1 CarasSeverin 18990 20051 19804 18442 24590 20399 21093 15818",
"2023 1 Calarasi 32139 27032 38754 29378 33665 59490 35861 25983",
"2023 1 Cluj 328894 360774 417869 344372 419124 382921 378549 397218",
"2023 1 Constanta 353487 278791 385368 316236 408368 301374 245213 374489",
"2023 1 Covasna 34246 32897 36246 32736 35861 37832 35425 41061",
"2023 1 Dambovita 93113 96787 111289 88444 106763 85887 87354 90830",
"2023 1 Dolj 170535 218927 280867 193524 262027 221535 244363 166962",
"2023 1 Galati 72216 82190 122320 111168 126579 107592 96931 109731",
"2023 1 Giurgiu 30106 43078 50708 35527 30708 30674 34738 27626",
"2023 1 Gorj 10296 7252 6695 6056 8538 12273 6420 7125",
"2023 1 Harghita 46985 51037 56021 49670 52214 55186 57845 49951",
"2023 1 Hunedoara 44782 50827 62314 51284 60446 55904 58888 44762",
"2023 1 Ialomita 20264 27139 26652 19044 19244 19924 26526 25896",
"2023 1 Iasi 98250 107502 125920 94533 112940 122234 100181 98185",
"2023 1 Ilfov 867679 976273 1048173 939170 1038714 995684 999874 959757",
"2023 1 Maramures 104549 112726 123946 106029 121581 119453 111781 99691",
"2023 1 Mehedinti 10590 15158 12958 11233 15133 14774 14216 10772",
"2023 1 Mures 222394 188241 225452 185815 217918 206534 158032 184561",
"2023 1 Neamt 47836 53221 60943 43919 57250 48495 50983 39730",
"2023 1 Olt 115954 107058 133296 112930 144888 112158 102818 97150",
"2023 1 Prahova 354125 348153 392891 340353 369217 351845 322337 319830",
"2023 1 SatuMare 123263 143631 166214 130448 136794 134127 126016 125958",
"2023 1 Salaj 34385 38721 46955 35847 48546 46741 36212 37252",
"2023 1 Sibiu 233466 225932 265961 222425 238100 220162 206453 190474",
"2023 1 Suceava 76266 78163 85393 80810 83227 79402 85511 66437",
"2023 1 Teleorman 22526 22172 22624 23266 20235 24403 22685 23279",
"2023 1 Timis 669518 689255 765444 665016 770391 747333 706072 651575",
"2023 1 Tulcea 25259 21184 21325 21128 24738 21828 26981 27883",
"2023 1 Vaslui 17389 14650 17110 12416 17324 13385 12947 11200",
"2023 1 Valcea 35798 40083 45353 49557 43433 40531 45025 35699",
"2023 1 Vrancea 23600 23016 32578 27848 35019 34866 28625 27851",
"2023 1 Bucuresti 3012515 3249764 3602117 2850349 3418388 3118891 3355270 3280520",
