"2023 1 Alba 99051 99276 99671 99730 99964 100013 100102 99976 100119",
"2023 1 Arad 133895 134235 134806 134886 135204 135271 135391 135220 135414",
"2023 1 Arges 159614 160029 160716 160810 161185 161264 161405 161203 161432",
"2023 1 Bacau 122064 122377 122902 122974 123265 123326 123435 123279 123456",
"2023 1 Bihor 181886 182406 183233 183340 183764 183853 184013 183784 184044",
"2023 1 BistritaNasaud 72016 72273 72653 72695 72863 72899 72962 72872 72974",
"2023 1 Botosani 60078 60195 60416 60453 60597 60627 60682 60604 60693",
"2023 1 Brasov 197623 198103 198923 199040 199507 199605 199781 199529 199815",
"2023 1 Braila 72991 73110 73356 73400 73575 73612 73678 73583 73690",
"2023 1 Buzau 89985 90247 90662 90716 90928 90972 91053 90938 91068",
"2023 1 CarasSeverin 54436 54512 54681 54714 54843 54870 54918 54849 54928",
"2023 1 Calarasi 48219 48378 48620 48649 48763 48786 48829 48768 48838",
"2023 1 Cluj 277778 278567 279825 279987 280631 280766 281009 280662 281056",
"2023 1 Constanta 197116 197602 198423 198538 198997 199094 199267 199020 199301",
"2023 1 Covasna 53011 53067 53217 53249 53377 53404 53452 53383 53461",
"2023 1 Dambovita 90492 90736 91136 91190 91404 91449 91530 91414 91545",
"2023 1 Dolj 145975 146360 146992 147077 147418 147489 147618 147435 147643",
"2023 1 Galati 120787 120943 121306 121377 121663 121723 121831 121677 121851",
"2023 1 Giurgiu 39825 40047 40335 40358 40448 40467 40501 40452 40507",
"2023 1 Gorj 78408 78652 79030 79077 79263 79302 79373 79272 79386",
"2023 1 Harghita 73450 73580 73836 73880 74054 74090 74156 74062 74169",
"2023 1 Hunedoara 106623 106888 107338 107402 107657 107710 107806 107669 107825",
"2023 1 Ialomita 48367 48456 48630 48659 48774 48798 48842 48780 48850",
"2023 1 Iasi 190991 191794 192927 193040 193492 193587 193758 193514 193791",
"2023 1 Ilfov 188373 189506 190950 191058 191486 191576 191737 191506 191768",
"2023 1 Maramures 117195 119015 119534 119604 119883 119942 118530 118381 118550",
"2023 1 Mehedinti 46550 46617 46766 46794 46907 46930 46973 46912 46981",
"2023 1 Mures 143794 144151 144755 144841 145182 145253 145382 145198 145407",
"2023 1 Neamt 91158 91392 91783 91837 92054 92100 91961 91845 91977",
"2023 1 Olt 76742 76957 77305 77351 77534 77573 77642 77543 77655",
"2023 1 Prahova 187407 187905 188726 188838 189282 189375 189543 189303 189575",
"2023 1 SatuMare 84863 85085 85453 85503 85704 85746 85822 85714 85837",
"2023 1 Salaj 53101 53188 53365 53397 53522 53548 53595 53528 53604",
"2023 1 Sibiu 141948 142340 142977 143062 143402 143473 143601 143418 143626",
"2023 1 Suceava 118912 119332 119954 120023 120299 120357 120461 120312 120481",
"2023 1 Teleorman 55597 55721 55940 55973 56105 56133 56183 56112 56193",
"2023 1 Timis 264221 264876 265987 266144 266771 266903 267140 266802 267185",
"2023 1 Tulcea 49583 49711 49924 49953 50071 50095 48955 48894 48963",
"2023 1 Vaslui 57665 57841 58116 58150 58286 58315 58366 58293 58376",
"2023 1 Valcea 85018 85225 85579 85629 85831 85873 85949 85840 85963",
"2023 1 Vrancea 63912 64069 64336 64374 64524 64556 64613 64531 64623",
"2023 1 Bucuresti 1066783 1069491 1074042 1074673 1077209 1077740 1078703 1077335 1078883",
