"2023 1 Alba 22873 25645 21382 30249 37217 47307 62982 76644 42080 31660 24547",
"2023 1 Arad 20209 20372 20030 24833 26111 26465 36532 39160 26927 25690 22628",
"2023 1 Arges 21442 18676 21370 31199 33451 40684 49105 56828 40639 27824 37482",
"2023 1 Bacau 22665 20998 22697 25581 28803 34839 45629 50783 38042 37093 30190",
"2023 1 Bihor 71991 70618 72905 97782 110549 151434 191411 218599 145346 127248 114358",
"2023 1 BistritaNasaud 9696 9669 11523 14203 14588 15546 27634 28396 18957 16424 11984",
"2023 1 Botosani 5254 5014 5635 5201 5839 6493 2322 9737 7545 6119 5868",
"2023 1 Brasov 213559 254530 160457 185808 202094 229565 290729 365434 254418 237969 213133",
"2023 1 Braila 7524 6705 12463 14766 16485 22507 24110 26907 20700 18833 18010",
"2023 1 Buzau 9950 9205 10338 11542 13400 15849 19005 22523 20064 17707 16061",
"2023 1 CarasSeverin 29705 25977 26302 37068 47982 67494 88930 109567 82166 66216 47472",
"2023 1 Calarasi 1684 1883 2455 2251 3212 3209 3595 3967 3121 3665 2793",
"2023 1 Cluj 66094 71724 89216 95974 107885 118146 139084 148324 109523 105949 94234",
"2023 1 Constanta 47104 45955 50766 90572 100967 562473 1658796 1961369 495935 79336 60847",
"2023 1 Covasna 23919 26439 32521 42272 47622 63622 82069 85094 65638 67884 61860",
"2023 1 Dambovita 15315 18441 21725 23830 30115 31181 30759 29417 25298 26094 21505",
"2023 1 Dolj 20445 20473 21348 22667 23157 24259 25147 27851 26335 24638 29808",
"2023 1 Galati 9806 9874 12401 12730 15995 16240 16638 19389 18441 16925 13901",
"2023 1 Giurgiu 2483 3315 5110 4420 4713 5152 6738 6069 6132 4243 3670",
"2023 1 Gorj 19603 17868 11325 12572 13517 18264 29760 35330 20513 15118 13710",
"2023 1 Harghita 34810 41812 27800 34567 45076 48787 63814 67766 47387 39556 35715",
"2023 1 Hunedoara 13527 14827 20272 16791 21009 21807 32222 31832 27234 30283 22825",
"2023 1 Ialomita 3525 3747 7790 8793 19640 26503 18913 31599 24868 24003 13000",
"2023 1 Iasi 36265 34505 50307 51424 63866 63671 64124 67866 66861 70573 52000",
"2023 1 Ilfov 24263 21695 22605 20767 25440 20762 26952 25851 25492 23809 21224",
"2023 1 Maramures 31715 33623 26199 33319 36103 41306 61747 83048 45296 37140 28709",
"2023 1 Mehedinti 5098 6078 8344 14230 20682 27923 36587 41117 25541 17206 12274",
"2023 1 Mures 58302 56184 58160 65312 69927 82082 102785 121802 83552 81951 72384",
"2023 1 Neamt 21829 19885 24442 36083 39453 47502 73050 89003 50482 39761 29393",
"2023 1 Olt 2970 3212 4005 3785 4503 4899 5566 6143 6511 5948 4739",
"2023 1 Prahova 94176 108697 80327 83420 90696 101415 132656 151488 115156 111836 94439",
"2023 1 SatuMare 17861 18185 17139 16480 17459 18918 19588 20101 16963 18501 17963",
"2023 1 Salaj 2922 3148 4846 5079 7375 8421 9342 10096 8065 7355 6189",
"2023 1 Sibiu 53867 51683 51961 60388 72646 85152 121649 132618 86301 76025 64520",
"2023 1 Suceava 72293 72320 52793 70266 73302 102392 140760 170315 106197 94801 73232",
"2023 1 Teleorman 720 797 513 466 608 723 439 754 485 644 356",
"2023 1 Timis 40272 43715 47603 52473 64711 70762 68413 75131 75500 73756 59138",
"2023 1 Tulcea 3068 3282 4082 8359 27455 42625 53790 66251 51584 17871 7680",
"2023 1 Vaslui 5635 4239 4741 5186 6262 5206 6147 9272 7059 7792 5594",
"2023 1 Valcea 68300 66532 61076 69632 84432 132045 184786 205821 148816 135055 110554",
"2023 1 Vrancea 3626 3948 5675 5219 6370 6606 8181 15286 13752 6843 6052",
"2023 1 Bucuresti 251668 253452 311339 278558 330703 319414 305262 296816 335420 345031 307073",
