"2023 1 Alba 390 326 354 319 325 318 295 313 354 331 322 365",
"2023 1 Arad 513 449 466 440 477 420 402 472 424 482 437 500",
"2023 1 Arges 772 615 680 591 640 497 570 607 508 592 561 645",
"2023 1 Bacau 817 674 729 703 709 615 633 630 590 705 649 701",
"2023 1 Bihor 689 550 588 565 576 474 550 559 524 595 568 650",
"2023 1 BistritaNasaud 291 282 252 226 270 235 229 234 240 249 250 249",
"2023 1 Botosani 494 448 485 441 456 353 437 394 382 476 436 521",
"2023 1 Brasov 641 496 578 536 545 468 471 486 460 497 531 566",
"2023 1 Braila 452 383 437 353 383 340 361 379 328 389 362 392",
"2023 1 Buzau 645 525 542 521 553 456 447 482 446 500 522 547",
"2023 1 CarasSeverin 343 306 347 273 280 230 271 282 259 290 248 305",
"2023 1 Calarasi 414 352 395 343 350 310 331 330 326 317 318 384",
"2023 1 Cluj 839 632 664 615 669 574 629 626 571 663 678 686",
"2023 1 Constanta 844 682 715 619 714 619 689 648 576 620 706 766",
"2023 1 Covasna 246 200 180 192 225 199 197 203 166 219 211 222",
"2023 1 Dambovita 595 510 516 483 513 479 465 449 441 514 502 565",
"2023 1 Dolj 843 776 765 706 731 663 759 697 579 722 696 760",
"2023 1 Galati 758 554 598 522 528 505 524 559 511 559 567 620",
"2023 1 Giurgiu 372 313 307 317 308 259 315 291 253 362 292 344",
"2023 1 Gorj 365 335 368 284 314 288 323 276 249 365 332 367",
"2023 1 Harghita 364 288 319 265 316 265 259 267 248 304 276 328",
"2023 1 Hunedoara 580 433 470 470 474 416 418 428 393 477 427 475",
"2023 1 Ialomita 374 317 326 280 318 295 285 260 259 332 313 358",
"2023 1 Iasi 889 669 758 725 739 644 676 678 625 745 661 772",
"2023 1 Ilfov 391 358 360 311 349 314 352 345 330 380 374 339",
"2023 1 Maramures 494 448 490 389 440 360 370 420 419 487 462 501",
"2023 1 Mehedinti 329 260 299 236 298 255 281 268 241 290 277 307",
"2023 1 Mures 668 558 573 571 554 509 530 527 491 574 525 591",
"2023 1 Neamt 636 592 605 528 544 469 461 522 485 594 562 554",
"2023 1 Olt 549 492 530 502 461 439 467 457 393 447 487 512",
"2023 1 Prahova 1007 819 886 742 899 765 752 733 746 867 768 889",
"2023 1 SatuMare 386 321 356 322 328 313 309 314 320 361 343 370",
"2023 1 Salaj 252 234 237 267 213 219 199 203 206 224 249 242",
"2023 1 Sibiu 427 398 375 370 368 352 326 318 318 393 331 379",
"2023 1 Suceava 738 632 655 623 619 509 521 619 537 648 631 669",
"2023 1 Teleorman 521 527 440 478 421 455 448 409 371 451 432 480",
"2023 1 Timis 628 576 538 560 513 553 534 514 476 863 578 749",
"2023 1 Tulcea 257 245 240 207 240 207 226 230 240 276 220 268",
"2023 1 Vaslui 558 399 469 409 457 390 378 398 379 404 395 432",
"2023 1 Valcea 353 235 259 250 253 236 228 259 228 203 239 240",
"2023 1 Vrancea 450 418 381 347 404 313 302 332 289 374 366 376",
"2023 1 Bucuresti 2057 1690 1832 1766 1809 1580 1765 1833 1738 1776 1736 1931",
