"2023 1 Alba 5 14 19 42 14 31 46 30 32 25",
"2023 1 Arad 1 36 96 38 39 248 32 222 136 80",
"2023 1 Arges 23 25 71 19 53 140 88 35 44 80",
"2023 1 Bacau 35 68 105 88 87 57 61 68 45 50",
"2023 1 Bihor 24 67 72 56 71 83 68 54 66 62",
"2023 1 BistritaNasaud 10 14 12 17 32 30 12 14 35 39",
"2023 1 Botosani 5 23 52 39 16 35 29 34 53 38",
"2023 1 Brasov 17 74 92 70 71 43 80 109 59 61",
"2023 1 Braila 11 45 41 28 25 20 60 35 30 54",
"2023 1 Buzau 1 32 40 25 33 30 31 34 27 30",
"2023 1 CarasSeverin 1 26 30 56 33 22 12 9 7 44",
"2023 1 Calarasi 3 28 17 9 26 32 30 48 52 53",
"2023 1 Cluj 30 43 47 55 40 49 56 52 39 70",
"2023 1 Constanta 28 78 54 78 40 70 36 53 70 101",
"2023 1 Covasna 6 12 18 13 0 26 13 8 36 5",
"2023 1 Dambovita 14 52 72 72 79 67 42 44 23 46",
"2023 1 Dolj 18 36 26 47 43 49 38 48 37 18",
"2023 1 Galati 12 60 58 75 38 55 55 33 48 38",
"2023 1 Giurgiu 11 34 12 20 23 22 12 21 12 11",
"2023 1 Gorj 6 45 42 25 59 49 23 31 48 48",
"2023 1 Harghita 8 41 31 32 18 16 17 24 17 14",
"2023 1 Hunedoara 22 57 76 49 37 60 58 34 23 18",
"2023 1 Ialomita 10 26 40 28 22 28 14 18 47 23",
"2023 1 Iasi 49 118 81 74 79 98 87 64 111 87",
"2023 1 Ilfov 13 50 51 44 79 68 70 33 61 139",
"2023 1 Maramures 10 39 62 31 62 38 29 23 25 43",
"2023 1 Mehedinti 2 5 6 20 34 53 5 12 25 12",
"2023 1 Mures 15 86 42 45 45 45 11 11 62 91",
"2023 1 Neamt 41 18 47 41 50 52 61 36 45 35",
"2023 1 Olt 0 23 58 18 24 56 8 5 43 7",
"2023 1 Prahova 17 63 54 54 64 50 78 28 88 55",
"2023 1 SatuMare 28 29 43 35 35 20 17 29 28 38",
"2023 1 Salaj 6 21 32 15 30 13 22 12 16 22",
"2023 1 Sibiu 13 70 29 63 45 37 12 4 13 17",
"2023 1 Suceava 23 51 135 72 80 110 56 71 84 56",
"2023 1 Teleorman 20 9 72 35 54 32 42 24 11 32",
"2023 1 Timis 14 103 44 61 38 109 80 96 75 65",
"2023 1 Tulcea 8 13 21 24 28 24 21 15 14 12",
"2023 1 Vaslui 15 46 42 60 42 42 29 43 30 37",
"2023 1 Valcea 6 13 8 11 12 3 15 4 12 18",
"2023 1 Vrancea 7 26 32 33 31 9 16 49 13 10",
"2023 1 Bucuresti 80 143 195 116 151 147 89 130 214 162",
