"2023 1 Alba 256428 287665 319830 254568 299793 277591 256229",
"2023 1 Arad 312710 317745 398963 315228 372921 332200 310271",
"2023 1 Arges 577237 637972 686525 528123 660370 530503 554147",
"2023 1 Bacau 80330 87529 102986 82139 92125 87632 81683",
"2023 1 Bihor 226212 230816 279062 212914 257319 246495 233878",
"2023 1 BistritaNasaud 65255 69249 76828 55299 69277 66950 66927",
"2023 1 Botosani 27168 29585 31598 22185 28887 28615 25184",
"2023 1 Brasov 372630 401811 463142 363179 434524 400546 353557",
"2023 1 Braila 14011 15168 13831 16522 60850 26619 27957",
"2023 1 Buzau 84842 74679 101605 79282 107675 83012 71371",
"2023 1 CarasSeverin 22336 29432 35101 27929 33256 31074 27430",
"2023 1 Calarasi 36060 35422 44454 30322 35826 62249 38647",
"2023 1 Cluj 203156 216150 254162 199974 243794 229796 224429",
"2023 1 Constanta 159509 177114 242576 180719 196859 136392 194897",
"2023 1 Covasna 34413 33010 38232 28614 33564 33822 38868",
"2023 1 Dambovita 106151 116321 127280 113488 128873 117618 111776",
"2023 1 Dolj 220964 299256 323097 257617 332937 303951 329864",
"2023 1 Galati 57499 65413 71960 92957 142151 76548 70548",
"2023 1 Giurgiu 16017 10786 15696 13307 15439 9878 16391",
"2023 1 Gorj 4564 5376 6467 3981 5078 4653 5141",
"2023 1 Harghita 23285 27645 29990 26022 30784 30847 28607",
"2023 1 Hunedoara 70481 79132 94876 67698 106230 84123 96424",
"2023 1 Ialomita 16715 12874 20786 20807 20662 18576 16176",
"2023 1 Iasi 76551 81500 96748 77526 98067 86738 85934",
"2023 1 Ilfov 277468 373396 356603 307302 363546 334019 345237",
"2023 1 Maramures 147688 160321 179512 135312 173159 149510 146905",
"2023 1 Mehedinti 15376 12180 19895 13814 17525 16706 16347",
"2023 1 Mures 117037 129337 137648 114215 131949 118831 122812",
"2023 1 Neamt 51672 52762 56276 48173 53744 50806 42921",
"2023 1 Olt 196036 202221 205859 174942 202564 182060 165323",
"2023 1 Prahova 230415 248698 270400 222333 272376 252429 248223",
"2023 1 SatuMare 136994 137878 161562 128295 154378 133192 133429",
"2023 1 Salaj 88099 87480 101287 81705 85411 81162 97372",
"2023 1 Sibiu 277713 276106 317274 223766 278049 257261 228756",
"2023 1 Suceava 53904 53556 67646 53383 60978 58224 64573",
"2023 1 Teleorman 16424 16664 19479 14807 18289 13908 15187",
"2023 1 Timis 693790 777013 902007 729203 890978 834953 756837",
"2023 1 Tulcea 12528 12092 13357 11394 79700 12427 15576",
"2023 1 Vaslui 17064 19516 20759 14136 18164 14031 19471",
"2023 1 Valcea 24075 25395 30539 23831 29519 24218 21725",
"2023 1 Vrancea 20465 27886 25834 18284 28539 27915 30348",
"2023 1 Bucuresti 1439522 1657750 1766850 1555994 1679407 1516562 1606761",
