"2023 1 Alba 66 77 51 88 195 166 254",
"2023 1 Arad 153 153 154 218 314 283 362",
"2023 1 Arges 104 127 98 204 246 310 483",
"2023 1 Bacau 182 139 157 248 271 306 569",
"2023 1 Bihor 86 130 129 229 363 333 468",
"2023 1 BistritaNasaud 95 58 47 117 163 114 292",
"2023 1 Botosani 121 102 72 134 195 132 327",
"2023 1 Brasov 136 147 133 187 310 342 437",
"2023 1 Braila 60 58 52 126 95 116 192",
"2023 1 Buzau 136 139 153 222 258 232 381",
"2023 1 CarasSeverin 51 69 76 79 109 121 142",
"2023 1 Calarasi 48 54 43 105 122 138 207",
"2023 1 Cluj 143 157 154 287 499 482 607",
"2023 1 Constanta 165 152 160 266 296 337 550",
"2023 1 Covasna 66 37 68 78 96 97 157",
"2023 1 Dambovita 93 87 88 180 215 254 432",
"2023 1 Dolj 121 126 116 258 329 334 395",
"2023 1 Galati 175 172 175 250 252 280 437",
"2023 1 Giurgiu 50 82 39 106 159 196 210",
"2023 1 Gorj 80 70 56 144 145 187 280",
"2023 1 Harghita 77 66 66 111 138 144 168",
"2023 1 Hunedoara 97 107 105 130 204 162 302",
"2023 1 Ialomita 52 77 35 108 106 107 171",
"2023 1 Iasi 222 200 236 336 536 425 779",
"2023 1 Ilfov 74 159 150 223 323 499 521",
"2023 1 Maramures 147 126 77 135 221 200 381",
"2023 1 Mehedinti 66 50 33 95 116 130 213",
"2023 1 Mures 128 159 134 165 298 262 394",
"2023 1 Neamt 105 128 87 126 226 186 477",
"2023 1 Olt 62 67 67 148 191 186 301",
"2023 1 Prahova 139 135 156 273 327 378 546",
"2023 1 SatuMare 84 77 61 146 160 166 264",
"2023 1 Salaj 54 58 53 73 124 106 189",
"2023 1 Sibiu 96 91 91 139 197 198 295",
"2023 1 Suceava 223 184 127 193 388 275 903",
"2023 1 Teleorman 46 89 44 94 120 136 160",
"2023 1 Timis 158 179 245 241 305 417 369",
"2023 1 Tulcea 37 25 30 56 72 82 151",
"2023 1 Vaslui 148 104 105 182 173 166 313",
"2023 1 Valcea 34 28 36 54 46 81 131",
"2023 1 Vrancea 76 50 44 113 126 130 267",
"2023 1 Bucuresti 648 804 759 923 1156 1274 1484",
