"2023 1 Alba 3765 3913 3934 3957 3933 3949 3982 3930 3942 4054 4243",
"2023 1 Arad 3668 3608 3820 3787 3794 3996 3907 3786 3916 3990 4111",
"2023 1 Arges 3862 3829 3852 4299 4038 3985 4162 4000 4088 4121 4234",
"2023 1 Bacau 3687 3676 3978 3796 4027 4023 4041 4088 4083 4151 4261",
"2023 1 Bihor 3373 3394 3486 3471 3690 3602 3617 3647 3717 3788 3856",
"2023 1 BistritaNasaud 3372 3398 3556 3528 3612 3550 3636 3606 3621 3719 3850",
"2023 1 Botosani 3408 3400 3535 3483 3705 3621 3637 3624 3662 3699 3684",
"2023 1 Brasov 3881 3868 4135 4103 4170 4384 4226 4235 4251 4310 4590",
"2023 1 Braila 3361 3373 3485 3547 3580 3702 3628 3596 3607 3662 3727",
"2023 1 Buzau 3429 3456 3614 3583 3705 3707 3710 3724 3762 3827 3823",
"2023 1 CarasSeverin 3201 3263 3381 3346 3499 3547 3477 3410 3564 3631 3717",
"2023 1 Calarasi 3428 3413 3585 3556 3714 3799 3651 3637 3737 3810 3815",
"2023 1 Cluj 5153 5274 5613 5470 5768 5614 5643 5600 5593 5798 5807",
"2023 1 Constanta 3658 3640 3828 4005 3876 3956 3962 4007 4100 4191 4192",
"2023 1 Covasna 3481 3471 3630 3622 3751 3810 3670 3754 3726 3806 3840",
"2023 1 Dambovita 3436 3469 3581 3639 3699 3828 3740 3782 3811 3901 3877",
"2023 1 Dolj 3729 3730 3863 3933 3910 3972 4096 4086 4002 4175 4185",
"2023 1 Galati 3691 3715 3846 3880 3997 3956 4021 4035 4078 4184 4180",
"2023 1 Giurgiu 3703 3700 3761 3786 3864 3890 3927 3867 3917 4119 3952",
"2023 1 Gorj 3788 3765 4004 4474 4201 4519 4388 4025 4044 4141 4143",
"2023 1 Harghita 3344 3363 3597 3551 3595 3597 3588 3654 3644 3758 3775",
"2023 1 Hunedoara 3300 3330 3431 3450 3386 3416 3469 3445 3527 3553 3588",
"2023 1 Ialomita 3501 3453 3634 3674 3635 3877 3685 3656 3770 3893 3800",
"2023 1 Iasi 4160 4176 4332 4383 4395 4498 4431 4403 4491 4609 4703",
"2023 1 Ilfov 4439 4247 4691 4669 4589 4643 4722 4599 4636 4834 4880",
"2023 1 Maramures 3419 3404 3513 3519 3616 3590 3616 3642 3730 3818 3916",
"2023 1 Mehedinti 3524 3460 3550 3617 3702 3808 3754 3738 3819 3836 3857",
"2023 1 Mures 3922 3964 4089 4241 4133 4304 4266 4297 4292 4366 4362",
"2023 1 Neamt 3331 3370 3513 3508 3602 3617 3570 3574 3652 3687 3727",
"2023 1 Olt 3807 3700 3934 3977 4226 4070 4033 4127 4108 4305 4194",
"2023 1 Prahova 3840 3840 4207 4194 4169 4216 4209 4169 4306 4363 4411",
"2023 1 SatuMare 3444 3448 3628 3520 3682 3696 3634 3691 3695 3789 3895",
"2023 1 Salaj 3548 3576 3686 3805 3813 3767 3807 3841 4173 3912 3913",
"2023 1 Sibiu 4474 4418 4678 4677 5014 4708 4732 4751 4790 4893 5035",
"2023 1 Suceava 3300 3266 3386 3383 3522 3552 3506 3529 3564 3632 3658",
"2023 1 Teleorman 3023 3059 3143 3156 3208 3314 3278 3256 3312 3409 3426",
"2023 1 Timis 4613 4658 4973 5157 4973 5116 5010 4950 5054 5205 5678",
"2023 1 Tulcea 3247 3264 3384 3452 3500 3539 3540 3490 3525 3672 3670",
"2023 1 Vaslui 3374 3417 3495 3556 3778 3808 3593 3580 3689 3780 3778",
"2023 1 Valcea 3256 3282 3358 3422 3489 3427 3513 3492 3549 3571 3615",
"2023 1 Vrancea 3190 3202 3292 3219 3232 3303 3323 3352 3365 3447 3504",
"2023 1 Bucuresti 5517 5574 6117 6042 5816 5971 5860 5794 5890 5984 6016",
