"2023 1 Alba 5849 6106 6103 6152 6090 6128 6207 6119 6129",
"2023 1 Arad 5935 5845 6160 6125 6118 6475 6313 6127 6292",
"2023 1 Arges 6206 6139 6164 6907 6420 6380 6702 6426 6540",
"2023 1 Bacau 5794 5741 6185 5916 6226 6235 6295 6374 6330",
"2023 1 Bihor 5361 5385 5518 5506 5787 5703 5726 5769 5878",
"2023 1 BistritaNasaud 5296 5321 5553 5521 5567 5558 5714 5666 5683",
"2023 1 Botosani 5368 5349 5543 5470 5698 5691 5719 5696 5761",
"2023 1 Brasov 6291 6268 6689 6647 6698 7081 6818 6823 6844",
"2023 1 Braila 5307 5310 5464 5564 5585 5757 5694 5648 5666",
"2023 1 Buzau 5358 5385 5628 5579 5693 5753 5780 5803 5876",
"2023 1 CarasSeverin 5119 5220 5394 5359 5523 5659 5541 5449 5676",
"2023 1 Calarasi 5303 5261 5516 5454 5626 5814 5593 5571 5712",
"2023 1 Cluj 8244 8424 8951 8730 9158 8955 9015 8940 8908",
"2023 1 Constanta 5866 5827 6124 6420 6169 6352 6365 6429 6571",
"2023 1 Covasna 5637 5607 5867 5853 5987 6068 5933 6089 6020",
"2023 1 Dambovita 5521 5558 5728 5812 5853 6065 5966 6036 6071",
"2023 1 Dolj 6037 6040 6231 6331 6257 6403 6626 6617 6468",
"2023 1 Galati 5890 5923 6116 6178 6310 6305 6424 6441 6505",
"2023 1 Giurgiu 5718 5675 5799 5818 5891 6000 6057 5977 6037",
"2023 1 Gorj 6146 6094 6389 7143 6646 7303 7120 6501 6527",
"2023 1 Harghita 5318 5340 5714 5630 5701 5733 5719 5801 5801",
"2023 1 Hunedoara 5250 5282 5246 5461 5334 5420 5506 5481 5603",
"2023 1 Ialomita 5446 5367 5636 5683 5609 5957 5682 5662 5831",
"2023 1 Iasi 6637 6653 6877 6957 6917 7133 7045 7007 7144",
"2023 1 Ilfov 7102 6777 7488 7472 7305 7432 7555 7344 7406",
"2023 1 Maramures 5491 5460 5619 5634 5719 5772 5808 5850 5976",
"2023 1 Mehedinti 5657 5558 5685 5778 5881 6030 5984 5963 6052",
"2023 1 Mures 6267 6317 6495 6732 6492 6826 6773 6805 6792",
"2023 1 Neamt 5332 5377 5599 5588 5672 5743 5688 5692 5804",
"2023 1 Olt 6036 5870 6237 6345 6654 6470 6444 6584 6505",
"2023 1 Prahova 6082 6063 6629 6588 6524 6641 6633 6574 6782",
"2023 1 SatuMare 5454 5457 5732 5556 5736 5836 5733 5808 5823",
"2023 1 Salaj 5608 5645 5802 5982 5903 5951 6033 6104 6651",
"2023 1 Sibiu 7185 7056 7450 7487 8001 7558 7584 7620 7668",
"2023 1 Suceava 5217 5168 5356 5328 5474 5625 5555 5584 5643",
"2023 1 Teleorman 4883 4923 5057 5116 5160 5358 5312 5282 5373",
"2023 1 Timis 7457 7507 7986 8308 7979 8239 8059 7961 8115",
"2023 1 Tulcea 5221 5260 5431 5548 5586 5672 5701 5587 5660",
"2023 1 Vaslui 5378 5421 5531 5587 5842 5959 5729 5724 5890",
"2023 1 Valcea 5133 5172 5257 5373 5426 5382 5527 5498 5561",
"2023 1 Vrancea 5119 5122 5269 5155 5161 5328 5348 5401 5416",
"2023 1 Bucuresti 8962 9042 9928 9803 9399 9678 9505 9394 9551",
