"2023 1 Alba -181 -152 -141 -140 -97 -103 -75 -75 -130 -109",
"2023 1 Arad -235 -200 -198 -223 -173 -136 -65 -109 -118 -201",
"2023 1 Arges -408 -331 -334 -317 -306 -183 -221 -266 -127 -255",
"2023 1 Bacau -360 -345 -378 -374 -294 -236 -227 -103 -156 -260",
"2023 1 Bihor -258 -207 -189 -189 -141 -49 -87 19 -61 -139",
"2023 1 BistritaNasaud -40 -19 -13 -48 -2 -23 35 47 30 -41",
"2023 1 Botosani -191 -215 -239 -197 -176 -75 -148 -77 -56 -171",
"2023 1 Brasov -161 -120 -161 -187 -109 -81 -14 -29 -40 -43",
"2023 1 Braila -277 -228 -316 -221 -242 -205 -206 -216 -163 -222",
"2023 1 Buzau -387 -299 -318 -323 -355 -221 -270 -121 -235 -302",
"2023 1 CarasSeverin -205 -174 -219 -172 -132 -99 -108 -107 -137 -162",
"2023 1 Calarasi -220 -210 -229 -211 -169 -115 -120 -37 -128 -116",
"2023 1 Cluj -323 -186 -151 -165 -111 -106 -47 -52 -34 -111",
"2023 1 Constanta -325 -293 -293 -243 -290 -170 -193 -96 -36 -149",
"2023 1 Covasna -76 -89 -61 -87 -72 -60 -54 -9 2 -56",
"2023 1 Dambovita -275 -257 -231 -247 -210 -206 -121 -62 -101 -217",
"2023 1 Dolj -430 -463 -403 -405 -379 -324 -329 -181 -159 -295",
"2023 1 Galati -410 -285 -312 -256 -170 -209 -174 -157 -171 -223",
"2023 1 Giurgiu -219 -182 -149 -189 -167 -109 -114 -88 -79 -214",
"2023 1 Gorj -203 -171 -222 -135 -145 -114 -110 -66 -37 -159",
"2023 1 Harghita -122 -90 -73 -98 -75 -63 -41 17 -6 -77",
"2023 1 Hunedoara -393 -257 -311 -298 -273 -225 -219 -186 -208 -297",
"2023 1 Ialomita -228 -174 -191 -141 -178 -97 -57 -12 -41 -150",
"2023 1 Iasi -185 -151 -173 -224 -73 -59 22 132 99 -40",
"2023 1 Ilfov -43 -21 -3 -24 26 38 67 69 33 -20",
"2023 1 Maramures -182 -215 -219 -144 -117 -77 -24 21 -135 -185",
"2023 1 Mehedinti -190 -149 -173 -128 -165 -129 -110 -54 -93 -169",
"2023 1 Mures -223 -230 -217 -221 -158 -161 -101 -50 -50 -175",
"2023 1 Neamt -330 -357 -300 -289 -254 -182 -154 -186 -132 -316",
"2023 1 Olt -335 -300 -295 -368 -245 -259 -226 -187 -126 -186",
"2023 1 Prahova -573 -442 -504 -400 -536 -382 -282 -193 -329 -441",
"2023 1 SatuMare -149 -140 -168 -148 -115 -109 -21 15 -107 -129",
"2023 1 Salaj -52 -75 -74 -119 -14 -54 0 15 -19 -40",
"2023 1 Sibiu -90 -154 -95 -84 -64 -54 -8 -9 11 -99",
"2023 1 Suceava -84 -114 -58 -99 69 61 177 199 149 21",
"2023 1 Teleorman -361 -359 -296 -328 -303 -300 -290 -212 -182 -271",
"2023 1 Timis -157 -105 -78 -192 -3 -99 -47 70 -14 -349",
"2023 1 Tulcea -114 -161 -117 -127 -134 -120 -107 -93 -121 -157",
"2023 1 Vaslui -262 -206 -236 -204 -188 -164 -97 -36 -55 -140",
"2023 1 Valcea -172 -80 -54 -107 -102 -81 -48 -81 -38 -25",
"2023 1 Vrancea -214 -209 -190 -176 -197 -124 -78 -62 -64 -143",
"2023 1 Bucuresti -714 -520 -640 -679 -539 -379 -445 -429 -475 -461",
