"2023 1 Alba 5881 5795 5677 5428 5275 5383 5431 5469 5397 5601 5703 5659",
"2023 1 Arad 2173 2278 2126 2126 2261 2226 2318 2297 2305 2285 2212 2225",
"2023 1 Arges 8244 8289 8270 8012 7926 7961 8035 7985 8068 8283 8173 8223",
"2023 1 Bacau 5382 5322 5091 5084 5026 4982 4696 4752 4670 4555 4675 4950",
"2023 1 Bihor 2924 2933 2933 2796 2810 2800 2726 3056 3038 3108 3129 3238",
"2023 1 BistritaNasaud 3976 3593 3539 3445 3539 3619 3663 3980 4028 3627 3669 3861",
"2023 1 Botosani 3431 3480 3424 3264 3211 3191 3442 3405 3333 3314 3290 3439",
"2023 1 Brasov 5640 5824 5998 6016 5990 6348 6585 6540 6390 6344 6646 6694",
"2023 1 Braila 3555 3517 3427 3326 3311 3235 3362 3400 3468 3428 3473 3555",
"2023 1 Buzau 7780 7755 7786 7508 7441 7723 7869 7927 7595 7619 7733 7960",
"2023 1 CarasSeverin 2437 2351 2297 2200 2110 2099 2055 2153 2233 2269 2362 2438",
"2023 1 Calarasi 3705 3848 3871 3725 3635 3683 3720 3691 3677 3889 3855 3897",
"2023 1 Cluj 4390 4356 4211 4104 4022 3959 3810 3916 3999 4201 4043 4182",
"2023 1 Constanta 6432 6467 6314 5406 4775 4747 4737 5289 5084 5473 6043 6263",
"2023 1 Covasna 3017 3059 3020 3026 3013 3355 3972 4295 4260 4278 4180 4089",
"2023 1 Dambovita 5152 5213 5212 5043 4898 4844 4738 4916 4890 5039 4848 4691",
"2023 1 Dolj 17165 16957 16509 16054 15730 16024 16361 16434 16381 16378 16884 16870",
"2023 1 Galati 10091 10292 9868 9763 9729 9524 9284 9150 8621 8248 8967 8755",
"2023 1 Giurgiu 2147 2106 2223 2073 2068 2079 2283 2262 2154 2238 2165 2211",
"2023 1 Gorj 4161 4193 4134 3982 3884 3912 3976 3783 3740 3699 3675 3714",
"2023 1 Harghita 5511 5319 5134 4878 4641 4712 4516 4651 4574 4746 4905 5101",
"2023 1 Hunedoara 6270 6090 6016 6242 6086 6037 5804 6316 6681 6829 7006 7062",
"2023 1 Ialomita 4136 4204 4155 3975 3881 3799 3713 3708 3698 3725 3718 3846",
"2023 1 Iasi 8499 8501 8125 7973 8142 8644 8768 8687 8490 8486 8192 8136",
"2023 1 Ilfov 913 946 934 951 956 891 922 939 969 973 1009 998",
"2023 1 Maramures 3713 3841 3783 3870 4201 4177 3786 3905 4014 4179 3859 4155",
"2023 1 Mehedinti 5774 6032 6059 5847 5727 5722 5859 5651 5664 5709 5860 5930",
"2023 1 Mures 6713 6616 6360 5726 5695 5805 5858 5790 5743 6242 6089 6260",
"2023 1 Neamt 6833 6957 6806 6677 6570 6509 6280 6370 6477 6776 6964 7080",
"2023 1 Olt 8430 8237 8065 7512 7085 7004 7175 7055 7038 6940 6972 7303",
"2023 1 Prahova 5900 5867 5822 5799 5829 6081 6225 6443 6592 6860 6666 6339",
"2023 1 SatuMare 4997 4983 4873 4679 4450 4446 4344 4457 4490 4634 4666 5006",
"2023 1 Salaj 4627 4654 4645 4607 4572 4625 4383 4461 4446 4540 4742 4855",
"2023 1 Sibiu 4346 4597 4508 4401 4659 4955 4962 4896 4852 5169 4890 4561",
"2023 1 Suceava 11074 11298 10996 10585 10288 10293 9911 10051 10111 10181 10529 11059",
"2023 1 Teleorman 9216 9362 9405 9024 8455 8491 8424 8311 8026 8581 8518 8293",
"2023 1 Timis 2487 2225 2124 1926 1974 2375 2555 2757 2755 2921 2871 2936",
"2023 1 Tulcea 3020 2988 2827 2752 2653 2693 2544 2657 2689 2811 2567 2468",
"2023 1 Vaslui 9175 8793 8988 8709 8540 8466 8085 8065 8083 8131 8304 8582",
"2023 1 Valcea 4828 4774 4421 4317 4219 4218 4159 4393 4551 4773 4873 5026",
"2023 1 Vrancea 4983 4865 4762 4634 4385 4361 4187 4378 4415 4416 4469 2915",
"2023 1 Bucuresti 12789 12402 12369 12220 12244 12227 12207 11592 11600 11596 11087 10811",
