"2023 1 Alba 12605 12965 12361 16807 22496 24954 32436 38175 24354 18577",
"2023 1 Arad 15550 14771 15827 18119 19144 18698 26493 28908 20379 18358",
"2023 1 Arges 13880 13510 15289 18414 19090 23072 29018 34163 27213 18707",
"2023 1 Bacau 11399 10925 11775 13378 14968 16744 20114 22700 17728 17277",
"2023 1 Bihor 32636 33228 32712 40861 44815 55982 69305 78730 51243 45566",
"2023 1 BistritaNasaud 6260 5948 7224 7951 9367 8852 12815 14060 10918 9990",
"2023 1 Botosani 3982 3788 3638 3452 4095 4204 1993 4895 4324 4099",
"2023 1 Brasov 110305 127677 90647 102062 115274 121705 148747 180893 139699 134194",
"2023 1 Braila 3741 3580 5712 6493 6966 7472 7269 9203 7332 6695",
"2023 1 Buzau 5333 5182 5777 6540 7518 8725 10548 12479 10918 9543",
"2023 1 CarasSeverin 13956 12883 12832 16167 17766 22893 28193 35697 23979 19906",
"2023 1 Calarasi 973 1097 1402 1359 1621 1819 1889 1877 1813 1721",
"2023 1 Cluj 38530 42637 52739 52142 64764 66614 73567 77009 64035 59440",
"2023 1 Constanta 20714 20479 21739 36157 45037 187512 476340 539057 150334 31035",
"2023 1 Covasna 10083 10479 10649 12220 14018 15936 19321 20419 16066 15961",
"2023 1 Dambovita 10013 9971 8288 8927 10753 11277 11198 11836 10250 10465",
"2023 1 Dolj 11755 12632 13235 14104 14493 14861 14915 16814 15935 15333",
"2023 1 Galati 6467 6470 7948 8764 10811 10805 11312 12419 12359 10893",
"2023 1 Giurgiu 1422 1667 2066 1789 2240 2892 4049 4294 3257 2671",
"2023 1 Gorj 10941 10254 7421 8340 9638 12597 18915 22554 14764 10104",
"2023 1 Harghita 16355 15283 12339 14696 19599 21072 25867 28375 20269 17783",
"2023 1 Hunedoara 6949 9869 10211 10247 12354 11355 13922 15457 14116 13735",
"2023 1 Ialomita 1931 2146 3120 3217 4248 4993 5977 5813 4757 4039",
"2023 1 Iasi 23757 23249 31142 31371 39101 38027 37340 38995 38334 42770",
"2023 1 Ilfov 16596 15043 16577 15572 19859 15106 20561 19583 19518 17938",
"2023 1 Maramures 18266 18785 16022 19261 21539 23196 33259 40923 25714 22195",
"2023 1 Mehedinti 3370 3484 4569 7761 10049 13068 17390 20203 12183 7720",
"2023 1 Mures 30483 29928 31467 35614 37488 42458 51004 60076 41842 46705",
"2023 1 Neamt 13143 12794 13943 19874 22984 26529 36836 47209 30053 23710",
"2023 1 Olt 1698 2087 2637 2825 2921 2853 3055 3398 3155 3090",
"2023 1 Prahova 46918 51770 40881 41445 44348 51327 64468 70440 57064 57253",
"2023 1 SatuMare 15000 15440 14565 13690 13869 14304 15142 15222 14457 14375",
"2023 1 Salaj 1752 1929 2434 2547 3445 4104 4805 4661 3703 3339",
"2023 1 Sibiu 31580 30630 33077 38209 44963 48920 70733 79454 55189 48569",
"2023 1 Suceava 35800 36991 28204 34990 38364 47511 62905 76131 48770 43538",
"2023 1 Teleorman 337 326 364 325 362 425 310 297 257 331",
"2023 1 Timis 19357 21075 23846 26396 30871 30922 32570 37289 35436 33170",
"2023 1 Tulcea 1990 1805 2530 5087 13538 20104 24483 30245 23570 8999",
"2023 1 Vaslui 3827 3458 3317 3777 4415 3818 4556 5015 5014 4517",
"2023 1 Valcea 29774 29258 27325 30412 31648 45606 61333 68619 48442 41986",
"2023 1 Vrancea 2447 2628 4244 3491 4032 4255 5424 12743 11310 4527",
"2023 1 Bucuresti 121910 125247 153042 139474 166483 160893 160899 153815 171991 173200",
