"2018 1 Alba -130 -140 -238 -149 -93 -82 -68 -77",
"2018 1 Arad -220 -244 -258 -202 -178 -91 -88 -91",
"2018 1 Arges -191 -256 -305 -252 -151 -167 -97 -69",
"2018 1 Bacau -290 -513 -514 -342 -245 -162 -89 -145",
"2018 1 Bihor -214 -239 -308 -204 -151 -47 27 17",
"2018 1 BistritaNasaud 3 -95 -92 -64 -11 28 3 84",
"2018 1 Botosani -200 -275 -381 -208 -164 -150 -76 -102",
"2018 1 Brasov 21 -123 -143 -158 -35 -7 92 68",
"2018 1 Braila -258 -193 -295 -258 -160 -198 -172 -135",
"2018 1 Buzau -286 -404 -419 -350 -371 -245 -149 -221",
"2018 1 CarasSeverin -196 -207 -244 -198 -159 -88 -97 -63",
"2018 1 Calarasi -151 -248 -239 -232 -126 -112 -63 -54",
"2018 1 Cluj -127 -207 -258 -181 -83 -2 0 33",
"2018 1 Constanta -98 -228 -262 -262 -125 -109 9 -25",
"2018 1 Covasna -22 -208 -112 -64 -33 -29 -50 -16",
"2018 1 Dambovita -242 -298 -362 -256 -149 -163 -27 -13",
"2018 1 Dolj -335 -474 -569 -447 -258 -258 -239 -160",
"2018 1 Galati -197 -362 -412 -385 -227 -210 -109 -86",
"2018 1 Giurgiu -210 -291 -246 -170 -157 -127 -95 -126",
"2018 1 Gorj -111 -203 -228 -159 -131 -68 -39 -45",
"2018 1 Harghita -12 -167 -139 -103 -23 20 -16 9",
"2018 1 Hunedoara -236 -272 -361 -217 -210 -195 -139 -143",
"2018 1 Ialomita -162 -159 -255 -180 -116 -77 -37 -63",
"2018 1 Iasi -86 -328 -333 -177 -113 70 262 142",
"2018 1 Ilfov 75 -12 -25 -46 96 104 171 132",
"2018 1 Maramures -90 -185 -230 -155 -118 -55 -14 119",
"2018 1 Mehedinti -124 -192 -203 -194 -135 -125 -22 -77",
"2018 1 Mures -144 -241 -238 -192 -95 -94 -68 -8",
"2018 1 Neamt -286 -375 -367 -299 -208 -164 -206 -2",
"2018 1 Olt -340 -302 -372 -345 -253 -264 -157 -141",
"2018 1 Prahova -339 -383 -505 -478 -320 -324 -223 -204",
"2018 1 SatuMare -126 -207 -222 -122 -123 -60 -30 20",
"2018 1 Salaj -61 -119 -127 -91 -34 -56 12 12",
"2018 1 Sibiu -24 -103 -103 -118 -20 3 81 17",
"2018 1 Suceava -38 -243 -191 -144 61 137 184 235",
"2018 1 Teleorman -332 -370 -431 -361 -341 -265 -265 -207",
"2018 1 Timis 122 -168 -137 -105 50 44 58 288",
"2018 1 Tulcea -126 -152 -199 -137 -113 -134 -112 -90",
"2018 1 Vaslui -191 -313 -368 -218 -188 -130 -108 -16",
"2018 1 Valcea -72 -113 -122 -36 -74 3 -38 -11",
"2018 1 Vrancea -191 -202 -215 -192 -162 -124 -28 -23",
"2018 1 Bucuresti -258 -423 -526 -459 -177 -149 13 -193",
