"2018 1 Alba 6105 6454 6447 5951 5701 5608 5679 5690",
"2018 1 Arad 3077 3017 3015 2731 2681 2733 2876 2859",
"2018 1 Arges 10411 10332 9740 8936 8734 8824 8949 8822",
"2018 1 Bacau 14107 13938 13513 12918 12726 12867 12994 12947",
"2018 1 Bihor 6328 6063 5940 5562 5448 5476 3803 4144",
"2018 1 BistritaNasaud 4096 4062 3844 3544 3317 3266 3342 3395",
"2018 1 Botosani 4966 4878 4708 4071 3979 4007 4121 4146",
"2018 1 Brasov 7344 7164 7060 6566 6217 6394 6339 6331",
"2018 1 Braila 6410 6366 6188 5815 5530 5499 5592 5177",
"2018 1 Buzau 14825 14315 13958 13148 12857 12932 12930 12526",
"2018 1 CarasSeverin 3340 4014 3694 3607 3714 3692 3843 3767",
"2018 1 Calarasi 4569 4505 4388 3988 3881 3938 4083 3984",
"2018 1 Cluj 7231 7058 5886 5796 5652 5542 5196 5088",
"2018 1 Constanta 9121 9093 8638 6892 5987 5720 5735 5534",
"2018 1 Covasna 3578 3448 3363 3119 2895 3080 3137 3101",
"2018 1 Dambovita 10050 9401 9758 9731 10033 9518 9345 9255",
"2018 1 Dolj 23578 23301 22603 21249 20506 20122 20549 20432",
"2018 1 Galati 14875 14749 14220 13088 12969 13859 13983 13731",
"2018 1 Giurgiu 2604 3017 2663 2448 2391 2544 2638 2515",
"2018 1 Gorj 7517 7150 6816 6130 5992 5846 6114 6052",
"2018 1 Harghita 6361 6423 6279 5858 5298 5450 5764 5754",
"2018 1 Hunedoara 8077 7796 7506 6667 6683 6835 6755 6786",
"2018 1 Ialomita 6829 6361 6043 5655 5447 5317 5181 5412",
"2018 1 Iasi 11846 11720 11329 10766 10415 10109 10076 9927",
"2018 1 Ilfov 1216 1190 1235 1352 1330 1302 1163 1118",
"2018 1 Maramures 6143 6151 6173 6196 6054 6247 6386 6473",
"2018 1 Mehedinti 10187 9700 9754 9282 9130 8951 9044 8717",
"2018 1 Mures 9105 9087 8950 8786 8630 8422 7725 7411",
"2018 1 Neamt 9477 9346 9221 9170 9234 9180 9458 9441",
"2018 1 Olt 11837 11613 11196 10240 9510 9996 10237 10235",
"2018 1 Prahova 9060 8978 8617 8098 8024 7919 8123 8281",
"2018 1 SatuMare 4755 4775 4654 4418 4148 3921 3901 3913",
"2018 1 Salaj 5091 5075 4892 4650 4470 4469 4677 4675",
"2018 1 Sibiu 4751 4728 4527 4248 4009 3838 3755 3703",
"2018 1 Suceava 12900 13051 12606 11705 11069 11601 12307 12323",
"2018 1 Teleorman 14609 14453 13840 13540 13147 13005 12737 12299",
"2018 1 Timis 3471 3555 3306 3174 3097 2906 2817 2912",
"2018 1 Tulcea 3801 3563 3180 2502 2406 2422 2464 2505",
"2018 1 Vaslui 13570 13200 12777 12191 12073 11987 12219 12163",
"2018 1 Valcea 6757 6402 5480 4997 4820 5187 5496 5423",
"2018 1 Vrancea 6738 6791 6700 6301 6035 6200 6346 6251",
"2018 1 Bucuresti 18250 18116 18023 17939 17725 17630 17490 17371",
